s19_G	s19_B1	s19_B2	s21_G	s21_B1	s21_B2
chr1:10496:10497	37	31	69	65	0	0	45	42	51	48	0	0
chr1:10524:10525	37	36	73	69	0	0	45	43	56	53	0	0
chr1:10541:10542	37	35	73	69	0	0	45	42	56	54	0	0
chr1:134998:134999	15	14	51	51	0	0	20	19	53	52	0	0
chr1:135027:135028	15	13	53	48	0	0	20	20	53	49	0	0
chr1:135030:135031	15	14	53	50	0	0	20	20	53	48	0	0
chr1:135171:135172	7	7	4	4	3	3	4	4	5	5	7	7
chr1:135177:135178	7	7	4	4	3	3	4	4	5	5	7	7
chr1:135189:135190	7	7	4	4	3	3	4	4	5	5	7	6
chr1:135201:135202	7	7	4	4	3	3	4	4	5	5	7	7
chr1:135206:135207	7	7	4	4	3	3	4	4	5	4	7	7
chr1:135216:135217	7	7	4	4	3	3	4	4	5	5	7	5
chr1:237093:237094	12	2	45	7	0	0	19	2	28	2	0	0
chr1:544717:544718	25	8	23	8	0	0	13	0	12	3	0	0
chr1:544738:544739	25	11	24	15	0	0	13	4	12	9	0	0
chr1:544742:544743	25	5	24	5	0	0	13	0	12	0	0	0
chr1:544749:544750	25	6	24	9	6	3	13	2	12	3	8	0
chr1:544751:544752	25	5	24	5	0	0	13	0	12	0	0	0
chr1:567205:567206	35	31	132	117	1	0	20	17	26	21	0	0
chr1:567238:567239	36	30	132	115	1	0	20	19	25	20	0	0
chr1:713364:713365	1	0	18	18	1	1	4	4	8	5	7	7
chr1:713375:713376	1	1	35	28	1	1	8	7	20	19	7	4
chr1:713387:713388	0	0	17	16	0	0	4	4	15	14	0	0
chr1:713399:713400	0	0	17	11	0	0	4	1	15	7	0	0
chr1:713446:713447	6	4	5	4	5	4	8	7	12	11	6	6
chr1:713448:713449	6	5	5	4	5	5	8	6	12	11	6	4
chr1:713452:713453	6	4	5	4	5	5	8	6	12	10	6	4
chr1:713900:713901	6	0	8	0	0	0	5	0	7	0	0	0
chr1:713920:713921	6	0	8	0	0	0	5	0	7	0	0	0
chr1:715388:715389	8	8	10	10	12	12	10	10	22	22	10	10
chr1:715390:715391	8	8	10	9	12	12	10	10	22	22	10	9
chr1:715403:715404	8	8	10	9	12	12	10	9	22	21	10	10
chr1:715413:715414	8	7	10	10	12	10	10	9	21	20	10	10
chr1:758828:758829	17	17	16	16	6	5	13	13	26	26	26	26
chr1:762296:762297	7	0	19	0	0	0	12	0	8	0	0	0
chr1:762322:762323	7	0	20	0	0	0	12	0	9	0	0	0
chr1:762335:762336	7	0	20	0	0	0	12	1	9	0	0	0
chr1:762792:762793	8	0	23	0	0	0	13	0	34	0	0	0
chr1:762805:762806	8	0	24	0	0	0	13	0	35	0	0	0
chr1:762808:762809	8	0	24	0	0	0	13	0	35	0	0	0
chr1:762824:762825	8	0	24	0	0	0	13	0	35	0	0	0
chr1:762849:762850	5	0	5	0	8	0	12	0	17	0	11	0
chr1:762864:762865	5	0	5	0	8	0	12	0	17	0	11	0
chr1:762868:762869	5	0	5	0	8	0	12	0	17	0	11	0
chr1:762881:762882	5	0	5	0	8	0	12	0	17	1	11	0
chr1:762896:762897	5	0	29	2	0	0	6	0	13	1	0	0
chr1:762911:762912	5	0	29	0	0	0	6	0	13	0	0	0
chr1:762914:762915	5	0	29	0	14	0	6	0	13	0	19	0
chr1:762916:762917	5	0	29	0	14	0	6	0	13	0	19	0
chr1:762918:762919	5	0	29	2	0	0	6	0	13	0	0	0
chr1:762925:762926	6	0	30	0	0	0	7	0	15	0	0	0
chr1:762930:762931	6	0	30	1	14	0	7	0	15	0	19	2
chr1:762932:762933	6	0	30	0	0	0	7	0	15	0	0	0
chr1:762936:762937	6	0	30	0	0	0	7	0	15	0	0	0
chr1:768259:768260	17	16	15	15	0	0	6	6	23	21	0	0
chr1:784749:784750	4	4	43	43	0	0	7	7	28	28	0	0
chr1:785058:785059	2	2	13	13	2	2	1	1	13	13	4	4
chr1:791591:791592	10	10	2	2	0	0	6	6	8	8	0	0
chr1:791856:791857	13	12	20	19	8	8	13	13	20	20	25	22
chr1:793768:793769	16	8	19	7	0	0	16	4	19	6	0	0
chr1:798469:798470	4	4	30	30	0	0	9	9	12	12	0	0
chr1:798484:798485	4	3	30	29	0	0	9	8	13	12	0	0
chr1:798799:798800	7	7	13	11	3	3	6	3	4	2	7	3
chr1:798824:798825	7	7	13	12	3	3	6	6	4	3	7	7
chr1:799084:799085	16	13	64	58	0	0	34	29	44	42	0	0
chr1:799120:799121	16	15	67	61	0	0	34	33	46	43	0	0
chr1:799186:799187	10	9	15	14	8	5	2	1	10	10	8	8
chr1:804944:804945	10	6	45	27	39	31	7	3	17	10	85	50
chr1:804991:804992	10	0	44	3	41	1	7	0	16	2	90	2
chr1:805326:805327	5	0	12	0	0	0	10	0	11	0	0	0
chr1:805337:805338	5	0	12	0	0	0	10	0	12	0	0	0
chr1:805340:805341	5	0	12	0	0	0	10	0	12	0	0	0
chr1:805351:805352	5	0	12	0	0	0	10	1	12	0	0	0
chr1:805376:805377	16	0	25	0	4	0	25	0	31	1	6	0
chr1:805381:805382	11	0	13	0	4	0	15	0	19	0	6	0
chr1:805399:805400	11	0	13	0	4	0	15	0	19	0	6	0
chr1:805402:805403	11	0	13	0	4	0	15	0	19	0	6	0
chr1:805410:805411	12	0	12	0	4	0	15	0	20	1	6	2
chr1:809449:809450	8	8	14	11	6	6	14	12	15	15	8	8
chr1:809468:809469	8	8	19	19	6	6	14	12	21	21	8	7
chr1:821420:821421	12	11	17	17	0	0	6	5	15	13	0	0
chr1:830548:830549	6	6	24	24	0	0	8	8	25	23	0	0
chr1:830553:830554	6	5	25	24	0	0	8	7	25	23	0	0
chr1:830583:830584	6	5	25	23	0	0	8	7	25	23	0	0
chr1:833805:833806	40	9	21	7	0	0	22	3	26	4	0	0
chr1:834281:834282	9	2	12	10	6	2	8	2	11	3	7	2
chr1:834294:834295	9	2	12	6	6	3	8	2	11	4	7	4
chr1:834329:834330	26	13	28	21	6	4	31	16	26	14	7	4
chr1:834337:834338	17	9	17	11	0	0	23	12	15	5	0	0
chr1:834355:834356	17	10	17	11	14	7	23	14	15	7	27	15
chr1:834357:834358	17	9	17	12	0	0	23	13	15	8	0	0
chr1:834656:834657	10	10	28	26	0	0	6	4	16	14	0	0
chr1:834696:834697	10	10	28	27	6	6	6	4	16	16	10	10
chr1:834698:834699	10	9	28	26	6	6	6	6	16	15	10	8
chr1:834702:834703	10	10	29	27	6	6	6	6	16	15	10	9
chr1:837602:837603	10	5	11	11	0	0	5	4	5	5	0	0
chr1:837615:837616	10	8	11	11	0	0	5	4	5	5	0	0
chr1:837638:837639	10	8	11	11	0	0	5	3	5	5	0	0
chr1:838048:838049	16	11	21	18	4	4	12	11	9	7	3	2
chr1:838077:838078	15	14	21	20	4	4	12	10	9	9	3	3
chr1:838274:838275	12	11	12	12	8	8	6	6	13	13	9	9
chr1:838284:838285	12	11	12	12	8	7	6	5	13	13	9	9
chr1:838294:838295	17	17	20	20	8	8	7	7	18	18	9	8
chr1:839354:839355	6	5	12	10	0	0	8	7	5	5	0	0
chr1:839396:839397	12	7	21	19	7	5	16	12	16	16	3	3
chr1:839399:839400	12	10	21	18	7	6	16	12	16	14	3	3
chr1:839434:839435	13	11	24	19	7	6	14	14	30	29	3	3
chr1:839463:839464	7	6	17	11	0	0	6	5	19	14	0	0
chr1:839507:839508	9	7	16	12	10	9	10	9	8	5	4	4
chr1:839515:839516	16	8	33	14	10	3	13	9	15	11	4	4
chr1:839574:839575	3	2	4	1	3	1	8	7	7	7	2	1
chr1:839576:839577	3	2	4	1	3	2	8	8	7	7	2	2
chr1:839591:839592	8	2	9	2	3	1	14	11	16	15	2	2
chr1:839617:839618	5	0	5	0	0	0	6	3	9	7	0	0
chr1:839632:839633	5	3	5	4	0	0	6	6	9	7	0	0
chr1:839724:839725	19	0	10	0	3	0	9	2	9	3	7	1
chr1:839737:839738	19	0	10	0	3	0	9	5	9	6	7	1
chr1:839751:839752	19	0	10	0	3	0	9	5	9	2	7	2
chr1:839760:839761	19	0	10	0	3	0	9	5	9	3	7	2
chr1:839846:839847	14	0	4	0	1	0	12	0	5	1	0	0
chr1:839854:839855	13	0	2	0	0	0	12	0	3	0	0	0
chr1:839857:839858	13	0	2	0	0	0	12	0	3	0	0	0
chr1:839866:839867	13	0	2	0	0	0	12	0	3	0	0	0
chr1:839870:839871	13	0	2	0	0	0	12	0	3	0	0	0
chr1:839872:839873	13	0	2	0	0	0	12	0	3	0	0	0
chr1:839876:839877	13	0	2	0	0	0	12	0	3	0	0	0
chr1:839888:839889	13	0	2	0	0	0	12	0	3	0	0	0
chr1:839892:839893	12	0	2	0	0	0	11	0	3	0	0	0
chr1:840084:840085	19	0	14	0	0	0	9	0	11	0	8	0
chr1:840088:840089	20	0	14	0	0	0	9	0	11	0	8	0
chr1:840094:840095	20	0	14	0	0	0	9	0	11	1	7	0
chr1:840097:840098	20	0	14	0	0	0	9	0	11	0	8	0
chr1:840106:840107	20	0	14	0	0	0	9	0	11	0	8	0
chr1:840110:840111	20	0	14	0	0	0	9	0	11	0	8	0
chr1:840116:840117	20	0	14	0	0	0	9	0	11	0	8	1
chr1:840122:840123	20	0	14	0	0	0	9	0	11	0	8	0
chr1:840127:840128	20	0	14	0	0	0	9	0	11	0	8	0
chr1:840131:840132	30	0	19	0	0	0	30	0	21	0	8	0
chr1:840134:840135	10	0	5	0	0	0	21	0	11	0	0	0
chr1:840141:840142	10	0	5	0	0	0	21	0	11	0	0	0
chr1:840148:840149	10	0	5	0	0	0	21	0	11	0	0	0
chr1:840161:840162	10	0	5	0	0	0	21	0	11	0	0	0
chr1:840174:840175	10	0	5	0	11	0	21	0	11	0	10	0
chr1:840176:840177	10	0	5	0	0	0	21	0	11	0	0	0
chr1:840179:840180	10	0	5	0	0	0	21	0	11	0	0	0
chr1:840182:840183	15	0	10	0	8	0	15	0	15	0	12	0
chr1:840189:840190	15	0	10	0	8	0	15	0	15	0	12	0
chr1:840205:840206	15	0	10	0	8	0	15	0	15	0	12	0
chr1:840207:840208	15	0	10	0	8	0	15	0	15	0	12	0
chr1:840209:840210	15	0	10	0	8	0	15	0	15	0	12	0
chr1:840215:840216	15	0	10	0	8	0	15	0	15	0	12	0
chr1:840218:840219	15	0	10	0	8	0	15	0	15	0	12	0
chr1:840222:840223	15	0	10	0	8	0	15	0	15	0	12	0
chr1:840224:840225	15	0	10	0	8	0	15	0	15	0	11	0
chr1:840230:840231	15	0	10	0	8	0	15	0	15	1	12	0
chr1:840373:840374	24	0	16	1	0	0	17	0	18	1	0	0
chr1:840382:840383	24	0	16	0	0	0	17	0	18	1	0	0
chr1:840393:840394	23	0	16	0	0	0	17	0	18	0	0	0
chr1:840412:840413	24	0	16	0	0	0	17	0	17	0	0	0
chr1:840416:840417	24	0	16	0	0	0	17	0	18	0	0	0
chr1:840421:840422	24	0	16	2	0	0	17	0	18	0	0	0
chr1:840503:840504	11	1	8	0	7	0	19	0	5	0	3	0
chr1:840511:840512	12	0	8	0	7	0	19	0	5	0	3	0
chr1:840513:840514	12	0	7	0	7	0	19	0	5	0	3	0
chr1:840528:840529	12	0	8	0	7	1	19	0	5	0	3	0
chr1:840554:840555	16	0	12	0	0	0	14	1	12	0	0	0
chr1:840558:840559	16	0	13	0	0	0	14	0	13	0	0	0
chr1:840562:840563	16	0	13	0	0	0	14	0	13	0	0	0
chr1:840585:840586	16	0	13	0	0	0	14	0	13	0	0	0
chr1:840595:840596	16	0	13	0	0	0	14	0	13	0	0	0
chr1:840604:840605	16	0	13	0	0	0	14	0	13	0	0	0
chr1:840783:840784	13	0	6	0	0	0	7	0	9	0	5	0
chr1:840800:840801	13	0	6	0	0	0	7	0	9	0	5	0
chr1:841563:841564	17	15	26	23	14	14	21	15	25	17	22	11
chr1:842095:842096	7	2	54	4	18	4	15	1	26	2	21	1
chr1:842117:842118	7	2	54	8	18	2	14	2	25	4	21	0
chr1:842203:842204	3	1	4	0	6	0	2	1	11	1	15	0
chr1:842208:842209	15	1	8	0	6	0	11	0	20	1	15	0
chr1:842404:842405	12	0	12	0	1	0	12	3	22	4	6	0
chr1:842427:842428	12	0	12	1	1	0	14	1	22	3	6	0
chr1:842430:842431	12	0	12	1	1	0	14	0	22	0	6	0
chr1:842435:842436	12	0	12	0	1	0	14	1	21	3	6	0
chr1:843220:843221	12	11	9	9	0	0	7	7	8	7	0	0
chr1:843237:843238	12	10	11	10	0	0	7	6	9	9	0	0
chr1:843258:843259	12	9	11	10	0	0	7	6	9	9	0	0
chr1:843301:843302	10	9	33	28	16	13	19	16	18	17	43	40
chr1:843313:843314	12	11	39	37	16	15	19	17	20	18	43	40
chr1:843553:843554	8	8	22	22	8	8	6	6	29	26	16	15
chr1:843570:843571	9	9	22	18	8	8	6	6	29	27	16	16
chr1:845457:845458	9	0	16	3	0	0	9	1	13	0	0	0
chr1:845461:845462	9	0	14	4	2	0	9	1	13	0	13	1
chr1:845463:845464	9	0	14	2	0	0	9	2	13	0	0	0
chr1:845466:845467	9	0	14	2	2	0	9	1	13	1	12	2
chr1:845468:845469	9	0	14	3	0	0	9	1	13	0	0	0
chr1:845485:845486	9	0	14	4	0	0	9	0	13	0	0	0
chr1:845488:845489	9	0	14	0	0	0	9	0	13	0	0	0
chr1:845512:845513	7	0	4	0	5	0	5	0	3	0	8	0
chr1:845518:845519	7	0	4	0	5	0	5	0	3	0	8	0
chr1:845520:845521	7	0	4	0	5	0	5	0	3	0	8	0
chr1:845527:845528	7	0	4	0	5	0	5	0	3	1	8	0
chr1:845533:845534	7	0	4	0	5	0	5	0	3	0	8	0
chr1:845544:845545	7	0	4	0	5	0	5	1	3	0	8	0
chr1:845547:845548	7	0	4	0	5	0	5	0	3	0	8	0
chr1:845549:845550	7	0	4	0	5	0	5	0	3	0	8	0
chr1:845551:845552	7	0	4	0	5	0	5	0	3	0	8	0
chr1:845553:845554	7	0	4	0	5	0	5	0	3	0	8	0
chr1:845560:845561	7	0	4	0	5	0	6	0	3	0	8	1
chr1:845587:845588	21	0	10	1	0	0	27	2	12	1	0	0
chr1:845591:845592	21	0	10	0	0	0	26	0	12	0	0	0
chr1:845599:845600	21	0	10	0	0	0	26	0	12	0	0	0
chr1:845614:845615	21	0	10	0	0	0	26	0	12	0	0	0
chr1:845617:845618	21	0	10	0	0	0	26	1	12	0	0	0
chr1:845623:845624	21	0	10	0	0	0	26	1	12	0	0	0
chr1:845629:845630	21	1	10	3	8	0	26	0	12	0	23	2
chr1:845631:845632	21	0	10	0	0	0	26	1	12	1	0	0
chr1:845635:845636	21	0	10	0	8	0	26	1	12	0	23	2
chr1:845637:845638	21	0	9	1	0	0	26	1	12	0	0	0
chr1:845667:845668	25	2	16	0	12	1	26	2	21	0	17	0
chr1:845678:845679	25	0	16	0	12	1	26	2	21	0	17	2
chr1:845689:845690	25	0	16	0	12	0	26	1	21	0	17	0
chr1:845692:845693	25	1	16	0	12	0	26	0	21	0	17	0
chr1:845695:845696	25	0	15	0	12	0	26	0	21	0	17	0
chr1:845703:845704	25	0	16	0	12	1	26	0	21	1	17	0
chr1:845791:845792	6	0	6	3	6	2	2	0	11	1	3	0
chr1:845809:845810	6	1	7	1	6	2	2	1	13	1	3	1
chr1:845846:845847	13	1	23	3	1	0	23	2	20	2	1	0
chr1:845876:845877	13	4	23	15	19	7	23	20	18	9	18	13
chr1:845878:845879	13	5	23	9	0	0	23	14	18	3	0	0
chr1:845881:845882	13	9	23	17	0	0	23	16	18	8	0	0
chr1:845934:845935	12	4	12	6	13	5	14	6	14	8	15	3
chr1:845955:845956	5	1	10	8	0	0	9	0	7	1	0	0
chr1:845990:845991	5	4	10	7	0	0	9	6	7	7	0	0
chr1:846217:846218	6	3	10	6	2	0	10	4	12	7	2	2
chr1:846282:846283	16	14	27	21	3	3	19	16	13	11	3	3
chr1:846298:846299	14	14	21	18	0	0	18	16	10	10	0	0
chr1:846425:846426	18	17	30	23	14	12	15	10	22	14	9	9
chr1:846466:846467	18	17	29	29	14	14	15	15	22	22	9	9
chr1:847538:847539	37	21	53	47	0	0	31	22	43	28	0	0
chr1:847659:847660	51	4	34	4	14	1	49	3	48	4	45	4
chr1:847783:847784	18	11	26	18	13	11	25	14	12	7	20	9
chr1:847815:847816	18	15	29	20	13	9	25	16	13	11	20	10
chr1:848507:848508	9	3	18	12	0	0	5	1	10	5	0	0
chr1:848522:848523	9	6	17	12	0	0	5	4	11	7	0	0
chr1:848592:848593	11	7	16	14	5	5	13	11	17	14	4	4
chr1:848645:848646	8	6	6	6	3	2	2	2	7	3	1	1
chr1:848661:848662	10	8	17	16	3	3	6	5	12	12	1	1
chr1:848737:848738	6	5	7	7	7	7	6	6	11	11	6	4
chr1:849136:849137	26	23	23	23	1	1	20	20	25	25	1	1
chr1:849153:849154	26	23	12	12	0	0	20	19	18	15	0	0
chr1:849239:849240	31	21	25	14	20	13	18	10	20	10	18	13
chr1:849250:849251	31	27	25	24	20	18	18	17	20	18	18	13
chr1:849252:849253	31	26	25	22	20	19	18	12	20	19	18	16
chr1:849283:849284	55	37	43	38	20	16	31	19	39	27	18	12
chr1:849412:849413	32	29	33	29	28	21	40	33	29	24	22	19
chr1:849446:849447	9	9	7	7	0	0	12	12	6	6	0	0
chr1:849687:849688	5	5	16	16	2	2	7	5	12	12	1	0
chr1:850074:850075	7	6	38	33	0	0	9	9	21	21	0	0
chr1:850114:850115	3	3	38	33	0	0	9	5	21	19	0	0
chr1:850122:850123	3	3	38	35	0	0	9	7	21	21	0	0
chr1:850783:850784	14	13	32	31	0	0	9	6	25	25	0	0
chr1:850802:850803	14	14	33	32	0	0	8	7	19	17	0	0
chr1:850822:850823	14	13	33	33	0	0	8	8	19	19	0	0
chr1:850927:850928	10	8	8	7	1	1	7	7	16	10	1	1
chr1:850935:850936	10	10	8	6	1	0	7	3	16	13	1	1
chr1:850974:850975	10	8	8	7	1	1	7	6	16	15	1	1
chr1:851811:851812	18	12	21	15	0	0	20	14	35	24	0	0
chr1:851914:851915	31	13	40	22	14	4	27	10	43	20	38	17
chr1:852001:852002	12	3	10	2	9	5	22	4	15	8	15	3
chr1:852004:852005	12	5	10	0	9	3	22	8	15	4	15	2
chr1:852015:852016	12	0	10	0	9	1	23	6	13	3	15	3
chr1:852098:852099	8	0	21	0	11	1	11	1	15	2	5	1
chr1:852132:852133	8	0	21	0	11	0	11	1	14	0	5	0
chr1:852138:852139	9	0	18	0	11	0	5	0	5	1	2	0
chr1:853081:853082	14	12	16	12	0	0	13	12	9	8	2	1
chr1:853104:853105	12	12	10	10	0	0	7	6	7	7	0	0
chr1:853128:853129	12	12	10	10	0	0	7	7	7	7	0	0
chr1:853215:853216	2	2	13	12	1	1	4	4	11	11	0	0
chr1:853217:853218	2	2	13	11	1	1	4	2	11	9	0	0
chr1:853265:853266	4	4	22	15	1	1	9	8	14	10	0	0
chr1:853650:853651	10	8	8	8	0	0	6	5	16	15	0	0
chr1:853674:853675	10	9	7	7	0	0	6	6	14	14	0	0
chr1:853680:853681	10	10	7	7	0	0	6	6	14	14	0	0
chr1:853793:853794	12	12	11	11	6	4	11	11	24	22	14	14
chr1:853795:853796	12	10	11	10	6	5	11	10	24	23	14	14
chr1:853808:853809	12	12	11	11	6	6	11	11	24	23	14	13
chr1:853819:853820	12	12	11	11	6	6	11	11	24	24	14	14
chr1:853824:853825	14	14	10	9	6	6	11	9	23	23	14	14
chr1:854528:854529	5	5	9	9	0	0	13	13	7	7	0	0
chr1:854709:854710	10	8	22	18	9	9	16	15	15	15	12	10
chr1:854738:854739	10	10	23	21	9	9	16	14	15	14	12	9
chr1:855209:855210	12	7	17	12	0	0	12	5	21	12	0	0
chr1:855232:855233	12	11	17	10	0	0	12	8	21	16	0	0
chr1:855403:855404	18	17	12	12	2	2	9	5	19	14	9	8
chr1:855967:855968	29	1	20	0	0	0	22	1	14	2	1	0
chr1:855995:855996	30	3	21	2	0	0	22	0	13	1	0	0
chr1:856073:856074	21	1	15	1	9	0	18	1	14	0	11	0
chr1:856108:856109	21	0	15	0	9	0	18	0	14	0	11	0
chr1:856119:856120	35	0	27	0	9	0	29	0	24	0	11	0
chr1:856260:856261	27	0	14	0	9	1	21	0	16	0	19	1
chr1:856298:856299	27	0	15	0	9	0	22	0	16	1	19	0
chr1:856350:856351	29	0	50	3	3	0	29	0	30	1	8	2
chr1:856458:856459	28	0	12	0	4	1	20	0	9	0	6	1
chr1:856465:856466	21	0	7	0	0	0	15	1	8	0	0	0
chr1:856471:856472	21	0	7	0	0	0	15	0	8	0	0	0
chr1:856478:856479	21	0	7	0	0	0	15	0	8	1	0	0
chr1:856491:856492	21	0	7	0	0	0	15	0	8	0	0	0
chr1:856501:856502	21	0	7	0	0	0	15	0	8	0	0	0
chr1:856615:856616	19	0	8	0	6	0	13	0	14	0	8	0
chr1:856618:856619	19	1	8	0	6	0	13	0	14	0	8	0
chr1:856642:856643	21	0	10	0	7	0	15	0	15	0	10	0
chr1:856692:856693	3	0	6	0	1	0	2	0	6	0	2	0
chr1:858940:858941	3	0	7	0	1	0	3	0	7	0	0	0
chr1:858970:858971	3	0	7	0	1	0	3	0	7	0	0	0
chr1:858978:858979	3	0	10	0	1	0	4	0	7	0	5	0
chr1:859085:859086	11	0	12	0	0	0	16	0	23	1	2	1
chr1:859090:859091	11	0	13	0	11	0	16	0	23	0	20	0
chr1:859092:859093	11	0	13	0	0	0	16	0	23	0	0	0
chr1:859117:859118	11	0	13	0	11	0	16	0	23	0	20	0
chr1:859119:859120	11	0	13	0	11	0	16	0	23	0	19	0
chr1:859121:859122	11	0	13	0	0	0	16	0	23	0	0	0
chr1:859140:859141	14	0	11	0	10	0	14	0	16	0	16	0
chr1:859144:859145	14	0	11	0	11	0	14	0	16	0	16	0
chr1:859154:859155	14	0	11	0	11	0	14	0	16	0	16	0
chr1:859161:859162	14	0	11	0	11	0	14	0	16	0	16	0
chr1:859172:859173	14	0	11	0	11	0	14	0	17	0	16	2
chr1:859236:859237	3	0	1	0	7	0	4	0	1	0	8	0
chr1:859246:859247	3	0	1	0	7	0	4	0	1	0	8	0
chr1:859292:859293	2	0	7	0	1	0	6	0	9	0	1	0
chr1:859295:859296	2	0	7	0	1	0	6	0	9	0	1	0
chr1:859298:859299	2	0	7	0	1	0	6	0	9	0	1	0
chr1:859301:859302	2	0	7	0	1	0	6	0	9	0	1	0
chr1:859304:859305	2	0	7	0	1	0	6	0	9	0	1	0
chr1:859307:859308	2	0	7	0	1	0	6	0	9	0	1	0
chr1:859869:859870	11	0	11	0	5	0	17	0	13	0	3	0
chr1:859878:859879	11	0	11	0	5	0	17	0	13	0	3	0
chr1:859888:859889	7	0	6	0	5	0	8	0	7	0	3	0
chr1:859890:859891	7	0	6	0	5	0	8	0	7	0	3	0
chr1:859896:859897	7	0	6	0	5	0	8	0	7	0	3	0
chr1:859902:859903	7	0	6	0	5	0	8	0	7	0	3	0
chr1:859905:859906	7	0	6	0	5	0	8	0	7	0	3	0
chr1:859981:859982	15	0	1	0	0	0	23	0	7	0	0	0
chr1:859987:859988	15	0	1	0	0	0	23	0	6	0	0	0
chr1:860004:860005	15	0	1	0	0	0	23	1	6	0	0	0
chr1:860007:860008	15	0	1	0	0	0	24	0	6	0	0	0
chr1:860012:860013	15	0	1	0	0	0	24	0	6	0	0	0
chr1:860019:860020	15	0	1	0	2	0	24	0	6	0	9	0
chr1:860021:860022	15	0	1	0	2	0	24	0	6	0	9	0
chr1:860023:860024	15	0	1	0	0	0	24	0	6	0	0	0
chr1:860076:860077	33	0	34	0	5	0	20	0	21	0	18	0
chr1:860086:860087	33	0	34	1	5	0	20	0	21	0	18	0
chr1:860090:860091	33	1	34	0	5	2	20	1	21	1	18	0
chr1:860097:860098	33	0	34	1	5	0	20	0	21	0	18	0
chr1:860104:860105	33	0	34	0	5	0	20	0	21	0	18	0
chr1:860106:860107	33	0	34	0	5	0	20	1	21	0	18	0
chr1:860110:860111	33	0	34	0	5	0	20	0	21	0	18	0
chr1:860112:860113	33	0	34	0	5	0	20	0	21	0	18	0
chr1:860118:860119	44	1	42	3	5	0	38	0	26	0	18	2
chr1:860130:860131	11	0	8	0	0	0	18	0	5	0	0	0
chr1:860143:860144	11	0	8	0	0	0	18	0	5	0	0	0
chr1:860146:860147	11	0	8	0	0	0	18	0	5	0	0	0
chr1:860151:860152	11	0	8	0	0	0	18	0	5	0	0	0
chr1:860158:860159	11	0	8	0	0	0	18	0	5	0	0	0
chr1:860309:860310	20	0	4	0	2	0	7	0	7	0	11	0
chr1:860318:860319	20	0	4	0	2	0	7	0	7	0	11	0
chr1:860332:860333	20	0	4	0	2	0	7	0	7	0	11	0
chr1:860335:860336	20	0	4	0	2	0	7	0	7	1	11	0
chr1:860347:860348	19	0	4	0	2	0	7	0	7	0	11	0
chr1:860353:860354	20	0	4	0	2	0	8	0	8	0	11	0
chr1:860409:860410	8	0	5	0	0	0	8	0	5	0	0	0
chr1:860414:860415	8	0	5	0	0	0	8	0	5	0	0	0
chr1:860418:860419	8	0	5	0	0	0	8	0	5	0	0	0
chr1:860426:860427	8	0	5	0	0	0	8	0	5	0	0	0
chr1:860445:860446	8	0	5	0	2	0	8	0	5	0	3	0
chr1:860447:860448	8	0	5	0	0	0	8	0	5	0	0	0
chr1:860459:860460	8	0	5	0	0	0	8	0	5	0	0	0
chr1:860612:860613	13	0	6	0	1	0	5	0	8	0	2	0
chr1:860620:860621	13	0	6	0	1	0	5	0	8	0	2	0
chr1:860628:860629	13	0	6	0	1	0	5	0	8	0	2	0
chr1:860639:860640	13	0	6	0	1	0	5	0	8	0	2	0
chr1:860652:860653	13	0	6	0	1	0	5	0	8	0	2	0
chr1:860654:860655	13	0	6	0	1	0	5	0	8	0	2	0
chr1:860662:860663	12	0	6	0	1	0	5	0	7	0	2	0
chr1:860698:860699	24	0	22	1	0	0	21	0	14	0	0	0
chr1:860704:860705	24	0	24	0	0	0	21	0	13	0	0	0
chr1:860708:860709	24	0	24	0	5	1	21	0	13	0	10	0
chr1:860710:860711	24	0	24	0	5	0	21	0	13	0	10	0
chr1:860712:860713	24	0	24	0	0	0	21	0	13	0	0	0
chr1:860715:860716	24	0	24	0	0	0	21	0	13	0	0	0
chr1:860727:860728	24	0	24	0	0	0	21	0	13	0	0	0
chr1:860732:860733	24	0	24	0	0	0	21	0	13	0	0	0
chr1:860735:860736	24	0	24	0	5	0	21	0	13	0	10	0
chr1:860737:860738	24	0	24	0	0	0	21	0	13	1	0	0
chr1:860743:860744	24	0	24	0	5	0	21	0	12	1	10	0
chr1:860745:860746	24	0	24	0	5	0	21	0	13	0	10	0
chr1:860747:860748	24	0	24	0	0	0	21	0	13	0	0	0
chr1:860839:860840	30	0	10	0	0	0	28	0	32	0	0	0
chr1:860855:860856	30	0	10	0	0	0	28	0	32	0	0	0
chr1:860862:860863	30	0	10	0	0	0	28	0	32	0	0	0
chr1:860869:860870	30	0	10	0	0	0	28	0	32	0	0	0
chr1:860872:860873	30	0	10	0	8	0	28	0	32	0	26	0
chr1:860874:860875	30	0	10	0	0	0	28	0	32	0	0	0
chr1:860937:860938	25	0	12	0	16	0	28	0	7	0	14	0
chr1:860939:860940	25	0	12	0	16	0	28	0	7	0	14	0
chr1:860946:860947	25	0	12	0	16	0	28	0	7	0	14	0
chr1:860955:860956	25	0	12	0	16	0	28	0	7	0	14	0
chr1:860958:860959	25	0	12	0	16	0	28	0	7	0	14	0
chr1:860961:860962	25	0	12	0	16	0	28	0	7	0	14	0
chr1:860964:860965	25	0	12	0	16	0	28	0	7	0	14	0
chr1:860971:860972	25	1	12	0	16	0	28	0	7	0	14	0
chr1:860976:860977	25	0	12	0	16	3	28	0	7	0	14	0
chr1:861098:861099	27	0	29	1	2	0	17	0	30	0	0	0
chr1:861131:861132	25	0	29	0	0	0	16	0	29	0	0	0
chr1:861134:861135	24	0	29	0	0	0	16	0	29	0	0	0
chr1:861138:861139	25	0	29	0	12	0	16	0	29	0	23	1
chr1:861140:861141	25	0	29	1	0	0	16	0	28	0	0	0
chr1:861171:861172	23	0	12	0	11	0	28	0	10	0	14	0
chr1:861176:861177	23	0	12	0	11	0	28	0	10	0	14	0
chr1:861194:861195	23	0	12	0	11	0	28	0	10	0	14	0
chr1:861206:861207	23	0	12	0	11	1	28	0	10	0	14	0
chr1:861212:861213	23	0	12	0	11	0	28	0	10	0	14	0
chr1:861217:861218	53	0	23	0	11	0	52	0	24	0	14	2
chr1:861240:861241	30	0	11	0	0	0	24	0	14	0	0	0
chr1:861249:861250	30	0	11	0	10	1	24	0	14	0	24	0
chr1:861251:861252	30	0	11	1	0	0	24	1	14	0	0	0
chr1:861259:861260	30	1	11	0	0	0	24	2	14	0	0	0
chr1:861264:861265	30	0	11	0	0	0	24	1	14	1	0	0
chr1:861352:861353	25	0	16	3	13	0	28	0	16	0	12	0
chr1:861359:861360	25	0	16	0	13	0	28	1	16	0	12	0
chr1:861367:861368	25	0	15	1	13	1	28	1	16	0	12	0
chr1:861388:861389	14	0	8	0	0	0	5	0	6	0	0	0
chr1:861401:861402	14	0	10	0	0	0	5	0	6	3	0	0
chr1:861408:861409	14	0	10	0	0	0	5	0	6	0	0	0
chr1:861437:861438	14	0	9	0	0	0	5	0	6	0	0	0
chr1:861574:861575	9	0	3	0	2	0	6	0	6	0	3	0
chr1:861589:861590	9	2	3	0	2	0	7	0	6	0	3	0
chr1:861597:861598	9	1	3	0	2	0	7	0	6	0	3	0
chr1:861601:861602	9	3	3	0	2	1	7	0	6	0	3	1
chr1:861610:861611	9	1	5	0	2	0	7	0	8	1	3	0
chr1:862296:862297	7	5	11	7	0	0	5	4	8	8	0	0
chr1:862300:862301	7	6	11	10	0	0	5	5	8	5	0	0
chr1:862308:862309	7	6	11	11	0	0	5	5	8	8	0	0
chr1:863009:863010	6	6	8	8	2	2	2	1	8	8	3	2
chr1:863043:863044	10	8	17	14	2	2	5	4	18	17	3	2
chr1:863297:863298	11	10	13	13	3	3	9	7	11	10	0	0
chr1:863310:863311	6	5	13	11	0	0	4	4	9	7	0	0
chr1:863314:863315	6	6	13	10	0	0	4	4	9	7	0	0
chr1:863322:863323	6	6	13	11	0	0	4	4	9	9	0	0
chr1:863329:863330	6	4	13	9	0	0	4	4	9	5	0	0
chr1:863494:863495	15	15	11	11	7	7	13	13	16	16	9	9
chr1:863860:863861	14	13	12	11	7	7	9	8	4	4	9	9
chr1:863885:863886	15	13	16	16	7	7	11	11	7	6	9	7
chr1:863931:863932	1	1	5	5	5	5	4	4	3	2	3	3
chr1:863941:863942	16	16	15	15	0	0	13	13	6	5	0	0
chr1:863966:863967	16	15	14	13	0	0	11	10	6	6	0	0
chr1:863976:863977	16	16	14	14	0	0	11	10	6	6	0	0
chr1:864089:864090	10	8	8	6	6	6	9	7	10	9	2	2
chr1:864114:864115	10	10	8	8	6	5	9	9	10	9	2	2
chr1:864129:864130	18	18	22	22	6	6	26	21	29	28	2	2
chr1:864142:864143	8	8	15	12	0	0	17	14	20	18	0	0
chr1:864155:864156	8	8	15	12	0	0	17	16	20	16	0	0
chr1:864312:864313	32	2	47	15	3	0	44	5	57	19	9	3
chr1:864368:864369	14	4	17	0	10	3	22	1	15	0	14	1
chr1:864389:864390	14	2	17	1	11	2	22	1	15	3	14	3
chr1:864414:864415	31	6	69	10	11	5	43	1	42	2	14	0
chr1:864423:864424	17	7	53	25	0	0	21	4	27	9	0	0
chr1:864453:864454	17	13	53	46	0	0	21	17	27	22	0	0
chr1:864526:864527	34	26	46	39	21	19	29	26	20	18	40	31
chr1:864802:864803	10	9	9	9	1	1	11	10	15	14	1	1
chr1:864818:864819	8	8	5	5	0	0	5	5	10	10	0	0
chr1:864878:864879	13	13	80	69	2	2	9	8	32	23	8	7
chr1:864887:864888	9	9	72	70	0	0	5	3	24	21	0	0
chr1:864892:864893	9	8	72	70	0	0	5	4	24	23	0	0
chr1:864917:864918	9	9	72	64	0	0	5	4	24	22	0	0
chr1:864927:864928	9	7	72	48	0	0	5	4	23	17	0	0
chr1:865119:865120	13	12	13	13	3	3	6	6	9	9	2	1
chr1:865537:865538	2	1	53	39	10	9	14	6	32	20	31	20
chr1:865582:865583	22	22	43	40	1	1	22	17	32	30	0	0
chr1:865600:865601	22	21	41	40	0	0	19	19	29	26	0	0
chr1:865623:865624	22	19	41	38	0	0	19	19	29	28	0	0
chr1:865691:865692	5	5	17	17	3	3	6	6	14	14	8	8
chr1:865699:865700	5	5	17	17	3	3	6	5	14	14	8	8
chr1:865732:865733	6	6	28	27	3	3	9	8	20	20	8	8
chr1:865806:865807	8	7	8	7	4	4	8	8	9	8	5	3
chr1:865985:865986	17	16	21	21	3	3	8	8	24	21	19	19
chr1:865988:865989	17	16	21	21	3	3	8	8	24	23	19	18
chr1:866010:866011	18	15	21	20	3	3	8	6	25	23	19	18
chr1:866639:866640	28	20	24	21	0	0	19	13	18	14	0	0
chr1:866705:866706	14	13	21	20	13	12	23	20	14	13	9	8
chr1:866738:866739	16	12	28	25	13	11	24	20	18	15	9	9
chr1:867890:867891	2	2	12	12	2	2	9	8	15	14	8	7
chr1:867912:867913	2	2	12	12	2	2	9	9	15	13	8	7
chr1:867937:867938	4	4	7	7	2	2	8	8	19	18	8	8
chr1:868180:868181	9	9	21	21	9	9	7	7	19	19	14	14
chr1:868193:868194	9	7	21	18	9	8	7	6	19	15	14	10
chr1:868216:868217	19	17	29	26	9	7	10	9	22	16	14	9
chr1:868474:868475	10	8	40	33	2	2	11	7	26	18	13	10
chr1:868504:868505	7	7	20	20	0	0	10	8	19	13	0	0
chr1:868515:868516	7	7	20	15	0	0	10	10	19	13	0	0
chr1:868546:868547	9	9	20	18	8	8	14	12	7	7	25	18
chr1:868557:868558	9	9	20	18	8	8	14	11	7	7	25	23
chr1:868569:868570	9	6	20	19	8	6	15	10	9	7	25	17
chr1:868682:868683	5	5	10	9	6	6	5	4	8	8	10	10
chr1:869149:869150	27	2	29	8	0	0	26	4	20	4	1	1
chr1:869169:869170	27	12	26	9	0	0	26	14	17	8	0	0
chr1:869288:869289	20	8	26	15	4	1	14	4	25	10	3	0
chr1:869302:869303	5	2	16	4	0	0	3	1	11	3	0	0
chr1:869332:869333	5	5	16	6	0	0	3	1	11	8	0	0
chr1:870424:870425	35	1	70	8	1	0	34	1	45	1	0	0
chr1:870442:870443	31	8	71	10	0	0	31	8	46	4	0	0
chr1:870458:870459	31	9	71	12	0	0	31	3	46	10	0	0
chr1:870565:870566	5	0	4	0	4	0	5	0	7	1	6	1
chr1:870572:870573	8	0	4	0	4	0	6	0	11	1	6	0
chr1:870636:870637	19	0	21	1	0	0	18	0	16	2	1	0
chr1:870642:870643	17	0	19	0	0	0	16	0	16	1	0	0
chr1:870650:870651	17	1	19	0	0	0	16	0	16	0	0	0
chr1:870657:870658	17	4	19	0	6	0	16	1	16	3	5	1
chr1:870659:870660	17	1	19	0	0	0	16	0	16	3	0	0
chr1:870790:870791	25	3	15	0	10	1	12	3	10	3	16	6
chr1:870801:870802	25	4	14	0	10	1	12	5	10	1	16	0
chr1:870809:870810	9	0	10	3	0	0	11	2	9	0	0	0
chr1:870821:870822	9	0	11	0	0	0	11	1	9	1	0	0
chr1:870885:870886	10	0	12	2	1	0	11	2	11	1	5	1
chr1:870922:870923	9	3	8	0	0	0	6	1	4	0	0	0
chr1:871107:871108	15	1	12	2	6	1	17	1	15	6	5	0
chr1:871119:871120	15	0	12	2	6	0	17	0	15	0	5	0
chr1:871135:871136	25	2	17	6	6	0	32	2	24	6	5	1
chr1:871141:871142	10	0	5	1	0	0	15	4	9	3	0	0
chr1:871157:871158	10	0	5	2	0	0	15	4	9	3	0	0
chr1:871184:871185	10	0	5	0	0	0	15	3	9	0	0	0
chr1:871227:871228	23	1	26	5	17	3	16	2	25	2	15	1
chr1:871266:871267	23	1	26	3	17	2	16	0	25	2	15	0
chr1:871271:871272	23	1	26	4	17	1	16	0	25	3	15	1
chr1:871274:871275	38	4	44	3	17	2	21	0	39	5	15	1
chr1:871301:871302	15	2	18	1	0	0	5	0	17	3	0	0
chr1:871307:871308	15	1	18	3	0	0	5	0	17	4	0	0
chr1:871462:871463	5	2	4	3	2	1	5	2	3	1	3	1
chr1:871471:871472	5	1	4	3	2	0	5	3	3	2	3	1
chr1:871483:871484	5	0	4	1	2	0	5	2	3	0	3	0
chr1:871506:871507	25	5	29	5	2	0	20	0	14	3	3	0
chr1:871539:871540	20	9	25	4	0	0	15	2	12	6	0	0
chr1:871545:871546	19	9	25	10	0	0	15	3	12	7	0	0
chr1:871605:871606	24	6	27	8	8	5	16	2	21	11	22	8
chr1:871619:871620	24	19	27	20	8	8	16	12	23	19	22	17
chr1:871639:871640	24	9	27	8	8	6	16	4	23	12	22	5
chr1:871652:871653	24	8	27	12	8	4	16	3	21	9	22	4
chr1:872427:872428	6	5	19	15	0	0	12	10	12	11	2	2
chr1:872444:872445	5	5	18	15	0	0	11	10	12	12	0	0
chr1:872454:872455	5	5	18	15	0	0	11	11	12	11	0	0
chr1:872467:872468	16	15	57	52	16	15	31	29	44	41	36	33
chr1:872486:872487	11	10	39	39	16	16	21	21	32	30	36	36
chr1:872493:872494	11	10	39	37	16	15	21	20	32	30	36	34
chr1:872510:872511	11	11	39	38	16	14	21	20	32	29	36	35
chr1:872517:872518	27	25	46	44	16	14	34	32	46	43	36	35
chr1:872554:872555	16	11	9	9	0	0	13	6	15	12	0	0
chr1:872614:872615	21	14	50	35	26	15	23	15	31	23	30	18
chr1:873091:873092	5	5	8	8	0	0	7	7	7	7	0	0
chr1:873105:873106	5	5	8	8	0	0	7	7	8	6	0	0
chr1:873116:873117	8	8	19	19	2	2	9	9	18	18	2	2
chr1:873140:873141	6	5	15	12	2	2	2	1	11	9	2	2
chr1:873166:873167	5	5	12	11	2	2	2	2	10	10	2	2
chr1:875226:875227	13	8	9	4	0	0	7	4	10	9	0	0
chr1:875280:875281	5	1	11	5	6	1	7	2	10	1	8	2
chr1:875308:875309	8	2	10	2	6	1	10	1	10	3	8	1
chr1:875363:875364	26	0	17	2	1	0	20	1	23	3	2	0
chr1:875374:875375	25	2	17	2	0	0	19	1	23	4	0	0
chr1:875387:875388	25	11	17	7	0	0	19	1	23	5	0	0
chr1:875419:875420	16	2	21	4	10	1	23	5	22	5	21	0
chr1:875444:875445	16	0	21	1	10	1	23	0	22	5	21	0
chr1:875465:875466	16	1	21	0	10	1	23	2	22	3	20	0
chr1:875468:875469	26	0	32	2	10	0	31	0	35	5	21	1
chr1:875502:875503	10	0	11	2	0	0	8	0	15	0	0	0
chr1:875605:875606	16	1	19	2	8	0	17	0	13	0	15	0
chr1:875617:875618	16	0	20	0	8	0	17	0	13	0	21	0
chr1:875619:875620	16	0	20	0	8	0	17	0	13	0	21	0
chr1:875621:875622	16	0	20	0	8	0	17	0	12	0	21	0
chr1:875632:875633	16	0	20	1	8	0	17	0	13	0	21	1
chr1:875635:875636	17	0	20	0	8	0	19	0	14	0	21	1
chr1:875815:875816	26	0	32	1	0	0	19	0	29	3	0	0
chr1:875820:875821	26	0	32	0	0	0	19	0	30	0	0	0
chr1:875833:875834	26	0	32	0	0	0	19	0	30	0	0	0
chr1:875839:875840	26	0	32	0	0	0	19	0	30	0	0	0
chr1:875864:875865	25	0	31	0	0	0	18	0	30	0	0	0
chr1:875879:875880	18	0	4	0	18	0	26	0	14	0	14	0
chr1:875902:875903	18	0	4	0	18	0	26	0	14	0	14	0
chr1:875910:875911	18	0	4	0	18	0	26	0	14	0	14	0
chr1:875919:875920	38	1	26	0	18	0	51	0	28	0	14	0
chr1:875923:875924	20	0	22	0	0	0	25	0	15	0	0	0
chr1:875937:875938	20	0	22	0	0	0	25	0	15	0	0	0
chr1:875951:875952	20	0	22	0	11	0	25	0	15	0	12	0
chr1:875953:875954	20	0	22	0	0	0	25	0	15	0	0	0
chr1:875956:875957	20	0	22	0	0	0	25	0	15	0	0	0
chr1:875965:875966	20	1	22	0	11	0	25	0	15	0	12	0
chr1:875967:875968	20	0	22	0	0	0	25	0	15	0	0	0
chr1:875976:875977	13	0	8	0	7	0	23	0	15	0	6	0
chr1:875980:875981	13	0	8	0	7	0	23	0	15	0	6	0
chr1:875990:875991	13	0	8	0	7	0	23	0	15	0	6	0
chr1:876002:876003	13	0	8	0	7	0	23	0	15	0	6	0
chr1:876004:876005	13	0	8	1	7	0	23	0	15	0	6	0
chr1:876020:876021	13	0	8	0	7	1	23	0	15	0	6	0
chr1:876026:876027	25	0	14	0	7	0	31	0	17	0	6	0
chr1:876036:876037	12	1	6	0	0	0	8	0	2	0	0	0
chr1:876056:876057	12	0	6	1	0	0	8	0	2	0	0	0
chr1:876060:876061	12	0	6	0	0	0	8	0	2	0	0	0
chr1:876064:876065	12	0	6	0	2	0	8	0	2	0	4	0
chr1:876066:876067	12	0	6	0	0	0	8	0	2	0	0	0
chr1:876070:876071	12	0	6	0	0	0	8	0	2	0	0	0
chr1:876223:876224	11	0	10	0	5	0	14	0	10	0	5	0
chr1:876228:876229	11	0	10	0	5	1	14	0	10	0	5	0
chr1:876248:876249	11	0	10	0	5	0	14	0	10	0	5	0
chr1:876261:876262	11	0	10	0	5	0	14	0	10	0	4	0
chr1:876273:876274	11	0	10	0	5	0	14	0	9	1	5	0
chr1:876291:876292	19	0	4	0	0	0	19	0	8	0	0	0
chr1:876302:876303	19	0	4	0	0	0	19	0	8	0	0	0
chr1:876319:876320	19	1	4	0	0	0	19	0	8	0	0	0
chr1:876330:876331	19	0	4	0	0	0	19	0	8	1	0	0
chr1:876453:876454	27	1	16	0	6	0	9	0	12	1	9	0
chr1:876461:876462	27	1	16	0	6	0	9	0	12	0	9	0
chr1:876463:876464	27	0	16	0	6	0	9	1	12	1	9	0
chr1:876483:876484	27	2	16	0	6	0	9	1	12	0	9	1
chr1:876491:876492	28	0	16	0	6	0	10	0	13	0	9	0
chr1:876537:876538	22	2	24	5	0	0	23	1	10	1	3	0
chr1:876550:876551	21	2	25	7	0	0	22	1	9	3	0	0
chr1:876604:876605	19	0	9	0	10	0	15	0	12	0	12	0
chr1:876615:876616	19	0	9	0	10	0	15	0	12	0	12	0
chr1:876618:876619	19	0	9	0	10	0	15	0	12	1	12	0
chr1:876642:876643	39	0	14	2	10	0	34	0	28	1	12	1
chr1:876650:876651	20	2	5	1	0	0	19	2	16	1	0	0
chr1:876653:876654	20	0	5	0	0	0	19	1	16	0	0	0
chr1:876665:876666	20	0	5	0	0	0	19	2	16	1	0	0
chr1:876670:876671	20	0	5	0	0	0	19	0	16	0	0	0
chr1:876679:876680	20	1	5	1	0	0	19	0	16	0	0	0
chr1:876759:876760	38	0	15	0	6	0	15	0	11	0	3	0
chr1:876761:876762	38	0	15	0	6	1	15	0	11	0	3	0
chr1:876766:876767	38	0	15	0	6	0	15	0	11	1	3	0
chr1:876800:876801	38	1	15	0	4	0	15	0	11	0	3	0
chr1:876806:876807	67	1	53	1	4	0	29	0	30	1	3	0
chr1:876815:876816	29	0	39	0	0	0	14	0	19	0	0	0
chr1:876820:876821	29	0	39	0	0	0	14	0	19	1	0	0
chr1:876832:876833	29	0	39	1	0	0	14	0	19	0	0	0
chr1:876856:876857	22	0	34	0	0	0	8	0	17	0	0	0
chr1:876947:876948	31	1	18	0	8	0	21	0	20	1	10	1
chr1:876957:876958	10	0	12	0	0	0	9	1	18	0	0	0
chr1:876967:876968	10	0	12	0	0	0	9	0	18	0	0	0
chr1:876992:876993	15	0	22	0	8	0	14	0	24	1	5	0
chr1:877013:877014	5	0	11	0	8	0	5	0	8	0	5	0
chr1:877027:877028	5	0	11	0	8	0	5	0	8	0	5	0
chr1:877030:877031	5	0	11	0	8	2	5	0	7	0	5	0
chr1:877077:877078	13	0	18	0	0	0	12	0	20	0	0	0
chr1:877086:877087	13	0	20	0	0	0	12	0	20	0	0	0
chr1:877099:877100	13	0	20	0	0	0	12	0	20	0	0	0
chr1:877104:877105	13	0	20	0	0	0	12	0	20	0	0	0
chr1:877109:877110	19	0	40	1	7	0	17	1	29	0	11	0
chr1:877114:877115	18	0	40	0	4	0	17	0	29	0	10	0
chr1:877134:877135	7	0	20	0	8	0	5	0	9	0	11	0
chr1:877145:877146	7	0	20	0	8	0	5	0	9	0	11	0
chr1:877157:877158	7	0	19	0	8	0	5	0	9	1	11	1
chr1:877222:877223	5	0	9	0	0	0	6	0	14	0	1	0
chr1:877231:877232	5	0	9	0	0	0	7	0	15	0	0	0
chr1:877234:877235	5	0	9	0	0	0	7	0	15	1	1	0
chr1:877238:877239	5	0	9	0	0	0	7	0	15	0	1	0
chr1:877244:877245	5	0	9	0	0	0	7	0	15	0	1	0
chr1:877357:877358	4	0	6	1	0	0	3	0	6	0	1	0
chr1:877456:877457	8	0	8	3	0	0	4	0	8	0	0	0
chr1:877467:877468	8	0	7	0	0	0	4	0	7	0	0	0
chr1:877473:877474	8	0	7	0	0	0	4	0	7	0	0	0
chr1:877479:877480	8	0	7	3	0	0	4	0	7	0	0	0
chr1:877488:877489	8	0	7	1	0	0	4	0	6	0	0	0
chr1:877491:877492	8	0	7	0	0	0	4	0	6	0	0	0
chr1:877500:877501	8	0	7	1	0	0	4	0	6	0	0	0
chr1:877506:877507	8	0	7	0	0	0	4	0	6	0	0	0
chr1:877640:877641	7	0	4	0	1	0	9	0	11	2	8	0
chr1:877646:877647	7	0	4	0	1	0	9	0	11	0	8	0
chr1:877663:877664	7	0	4	0	1	0	9	0	11	0	8	0
chr1:877665:877666	7	0	4	0	1	0	9	0	11	0	8	0
chr1:877675:877676	7	0	4	0	1	0	9	0	11	0	8	0
chr1:877677:877678	7	0	4	0	1	0	9	0	11	0	8	0
chr1:877683:877684	8	0	7	0	1	0	12	0	11	0	8	0
chr1:877736:877737	12	0	14	2	0	0	19	0	18	0	1	0
chr1:877741:877742	9	0	13	0	0	0	18	0	15	0	0	0
chr1:877746:877747	9	0	13	0	0	0	18	0	15	0	0	0
chr1:877751:877752	9	0	13	0	0	0	18	0	15	0	0	0
chr1:877760:877761	9	0	13	0	0	0	18	0	15	0	0	0
chr1:877766:877767	9	0	13	0	4	0	18	0	15	0	12	0
chr1:877768:877769	9	0	13	0	0	0	18	0	15	0	0	0
chr1:877793:877794	14	0	25	0	9	0	11	0	21	0	11	0
chr1:877808:877809	14	0	25	2	9	1	11	0	21	3	11	1
chr1:877810:877811	14	0	25	0	9	0	11	0	21	0	11	0
chr1:877816:877817	14	0	25	0	9	0	11	0	21	0	11	0
chr1:877826:877827	14	0	25	0	9	0	11	0	21	0	11	0
chr1:877930:877931	21	0	6	0	0	0	24	0	1	0	0	0
chr1:877950:877951	21	0	4	0	0	0	24	0	1	0	0	0
chr1:877953:877954	21	0	4	0	0	0	24	1	1	0	0	0
chr1:877963:877964	21	0	4	0	0	0	24	0	1	0	0	0
chr1:878079:878080	10	0	5	0	3	0	10	0	5	0	6	0
chr1:878082:878083	10	0	5	0	3	1	10	0	5	0	6	0
chr1:878084:878085	10	0	5	0	3	0	10	0	5	0	6	0
chr1:878087:878088	10	0	5	0	3	0	10	0	5	0	6	0
chr1:878120:878121	10	0	5	0	3	0	10	0	5	0	6	0
chr1:878184:878185	28	0	20	0	0	0	14	0	15	0	0	0
chr1:878198:878199	28	0	20	0	15	0	14	2	15	0	24	1
chr1:878200:878201	28	0	20	0	0	0	14	1	15	1	0	0
chr1:878208:878209	28	0	20	0	0	0	14	0	15	0	0	0
chr1:878225:878226	28	3	20	4	0	0	14	3	15	1	0	0
chr1:878283:878284	17	2	11	0	7	0	27	5	16	1	10	1
chr1:878295:878296	17	0	11	0	7	0	28	1	16	0	10	0
chr1:878300:878301	17	0	11	0	7	1	28	1	16	2	10	0
chr1:878330:878331	17	1	11	0	7	0	28	1	15	4	10	1
chr1:879166:879167	14	14	35	34	16	15	16	16	26	26	9	8
chr1:879179:879180	29	28	44	41	16	16	32	32	42	40	9	8
chr1:879194:879195	15	15	10	8	0	0	16	14	16	16	0	0
chr1:879331:879332	6	6	15	14	2	2	14	13	12	12	2	2
chr1:879362:879363	6	5	15	12	2	2	14	14	12	11	2	2
chr1:879369:879370	11	11	27	27	2	2	23	22	29	28	2	2
chr1:879374:879375	5	5	13	12	0	0	9	7	17	17	0	0
chr1:879382:879383	5	5	13	10	0	0	9	7	17	16	0	0
chr1:879411:879412	10	8	27	21	3	2	16	12	27	26	4	3
chr1:879414:879415	10	9	27	23	3	3	16	16	27	22	4	4
chr1:879420:879421	5	5	14	12	3	3	7	4	10	8	4	3
chr1:879442:879443	5	5	14	14	3	3	7	6	10	9	5	5
chr1:879451:879452	11	10	19	18	3	3	16	14	28	28	5	5
chr1:879508:879509	12	6	21	18	7	7	13	11	26	25	11	7
chr1:879539:879540	12	11	25	22	7	5	13	13	28	22	12	12
chr1:880078:880079	6	6	22	17	7	6	21	19	19	13	7	7
chr1:880108:880109	5	4	17	15	7	6	17	14	11	9	7	7
chr1:880115:880116	5	5	17	16	7	6	17	16	10	10	7	7
chr1:881296:881297	28	28	15	14	0	0	19	18	14	14	0	0
chr1:881420:881421	38	33	51	50	42	39	30	26	38	33	54	47
chr1:881429:881430	43	39	60	55	42	40	41	35	49	40	54	43
chr1:881435:881436	5	5	11	10	0	0	11	7	11	9	0	0
chr1:881445:881446	5	5	11	11	0	0	11	9	11	9	0	0
chr1:881469:881470	5	5	11	10	0	0	12	9	11	9	0	0
chr1:881539:881540	17	15	40	34	0	0	15	15	28	23	0	0
chr1:881542:881543	17	15	40	37	23	21	15	13	28	20	35	31
chr1:881547:881548	17	17	40	37	24	24	15	13	28	27	35	34
chr1:881553:881554	17	17	40	38	24	23	15	14	28	28	35	35
chr1:881586:881587	18	17	37	37	24	23	16	15	29	27	35	34
chr1:881643:881644	13	8	12	12	2	2	10	4	6	4	5	5
chr1:881841:881842	10	10	4	4	2	2	7	7	2	1	3	3
chr1:881881:881882	10	9	4	3	2	2	7	7	2	2	3	3
chr1:883160:883161	7	6	15	13	0	0	5	5	5	5	2	2
chr1:883371:883372	8	8	14	14	3	3	7	7	5	5	3	3
chr1:883376:883377	8	8	14	14	3	3	7	7	5	5	3	3
chr1:883378:883379	8	8	14	14	3	3	7	7	5	5	3	3
chr1:883417:883418	13	13	37	34	3	1	21	18	14	14	3	3
chr1:883458:883459	5	5	28	26	2	1	19	16	16	16	5	5
chr1:884852:884853	1	1	10	10	0	0	4	4	9	9	0	0
chr1:884868:884869	4	4	21	20	10	8	5	5	14	10	6	6
chr1:884916:884917	3	3	10	10	10	10	1	1	5	5	6	6
chr1:886276:886277	17	17	26	23	0	0	18	17	17	16	0	0
chr1:886307:886308	17	17	26	26	0	0	18	18	17	17	0	0
chr1:886373:886374	25	25	36	36	18	18	32	30	31	30	29	28
chr1:886382:886383	25	25	36	34	18	18	32	31	31	30	29	28
chr1:886395:886396	25	25	36	33	18	18	32	30	31	31	29	29
chr1:886407:886408	25	25	35	35	18	18	32	30	31	31	29	28
chr1:886440:886441	6	6	8	8	0	0	13	13	14	14	0	0
chr1:886484:886485	9	8	14	14	6	6	23	21	22	21	5	5
chr1:886527:886528	3	3	5	5	6	6	10	9	7	7	5	5
chr1:886634:886635	17	16	14	14	9	9	18	18	11	11	8	7
chr1:886651:886652	17	15	14	14	9	9	17	16	11	11	8	8
chr1:887460:887461	18	17	24	24	0	0	16	16	21	21	0	0
chr1:887575:887576	8	7	13	11	5	5	18	15	13	10	14	13
chr1:887589:887590	8	8	14	13	5	5	21	16	15	14	14	14
chr1:887872:887873	19	18	25	23	0	0	23	23	38	37	0	0
chr1:887893:887894	19	17	27	26	0	0	23	22	38	35	0	0
chr1:887965:887966	36	35	18	18	23	22	19	18	30	27	16	15
chr1:887983:887984	36	35	18	18	23	23	19	18	30	29	16	15
chr1:887993:887994	36	35	18	18	23	23	19	18	29	28	16	16
chr1:888591:888592	9	9	9	9	0	0	4	3	8	8	0	0
chr1:888627:888628	8	8	7	7	0	0	4	4	9	9	0	0
chr1:890763:890764	6	0	18	13	8	0	3	2	7	5	9	3
chr1:893756:893757	10	8	57	46	20	18	11	10	33	32	45	37
chr1:893785:893786	10	9	57	54	20	18	11	9	33	33	45	34
chr1:893789:893790	12	8	62	52	20	20	11	8	37	30	45	40
chr1:894291:894292	3	0	4	0	4	0	12	0	4	0	2	0
chr1:894344:894345	14	0	4	0	0	0	12	0	5	0	0	0
chr1:894354:894355	14	0	4	0	7	0	12	0	6	0	7	0
chr1:894356:894357	14	0	4	0	0	0	12	0	6	0	0	0
chr1:894365:894366	14	0	4	0	0	0	12	0	6	0	0	0
chr1:894373:894374	14	0	4	0	0	0	12	0	6	0	0	0
chr1:894390:894391	14	0	4	0	0	0	12	0	6	0	0	0
chr1:894514:894515	18	0	15	1	6	0	11	0	10	0	6	0
chr1:894558:894559	34	0	22	0	6	0	31	0	25	3	6	0
chr1:894571:894572	16	0	8	0	0	0	20	0	16	0	0	0
chr1:894578:894579	16	0	8	0	0	0	20	0	16	0	0	0
chr1:894584:894585	16	0	8	0	12	0	20	0	16	0	7	0
chr1:894586:894587	16	0	8	0	0	0	20	0	16	0	0	0
chr1:894600:894601	28	0	35	0	22	0	56	0	49	0	31	0
chr1:894608:894609	28	0	35	0	22	0	57	0	51	0	31	0
chr1:894630:894631	12	0	27	0	22	0	37	0	35	0	31	0
chr1:894635:894636	12	0	27	0	22	0	37	0	35	0	31	0
chr1:894650:894651	26	0	35	0	22	1	54	3	49	2	31	2
chr1:894664:894665	14	0	8	0	4	0	17	4	14	1	14	2
chr1:894666:894667	14	0	7	1	4	1	17	2	14	1	14	3
chr1:894668:894669	14	0	8	0	0	0	17	2	14	1	0	0
chr1:894674:894675	14	0	8	0	0	0	17	2	14	1	0	0
chr1:894682:894683	14	0	8	0	0	0	17	3	14	1	0	0
chr1:894685:894686	14	0	8	0	0	0	17	2	14	1	0	0
chr1:894696:894697	14	0	8	0	0	0	17	2	14	1	0	0
chr1:894713:894714	15	0	22	1	6	0	18	0	24	3	23	0
chr1:894716:894717	17	0	25	0	8	1	21	0	24	0	26	0
chr1:894718:894719	17	0	25	0	8	0	21	0	24	0	26	0
chr1:894723:894724	17	0	25	0	8	0	21	0	24	0	26	0
chr1:894731:894732	17	0	25	0	8	0	21	0	24	0	26	0
chr1:894751:894752	17	0	25	0	8	0	21	0	24	0	26	0
chr1:894755:894756	17	0	25	0	8	0	21	0	24	0	26	0
chr1:894760:894761	17	0	25	0	6	0	21	0	24	1	25	3
chr1:894763:894764	17	0	24	0	8	0	21	0	25	1	26	3
chr1:894923:894924	7	0	23	3	0	0	9	0	15	5	0	0
chr1:894926:894927	7	1	24	5	0	0	9	1	16	4	0	0
chr1:894931:894932	7	2	24	16	0	0	9	1	16	10	0	0
chr1:894939:894940	7	4	24	10	12	8	9	2	16	11	18	16
chr1:894941:894942	7	6	24	22	0	0	9	6	16	13	0	0
chr1:894947:894948	7	5	24	19	0	0	9	6	16	11	0	0
chr1:894953:894954	7	5	24	19	0	0	9	5	16	11	0	0
chr1:894966:894967	7	5	24	20	0	0	9	5	16	13	0	0
chr1:894969:894970	7	6	24	20	0	0	9	6	16	12	0	0
chr1:895080:895081	10	5	15	3	2	0	8	1	8	0	3	1
chr1:895084:895085	10	3	15	0	2	0	8	2	8	1	3	2
chr1:895089:895090	10	1	15	4	2	0	8	0	8	2	3	0
chr1:895107:895108	10	8	15	13	2	2	8	5	8	8	3	2
chr1:895113:895114	10	9	15	12	2	1	8	7	8	8	3	3
chr1:895118:895119	10	5	15	13	2	1	8	5	8	7	3	3
chr1:895120:895121	10	8	15	9	2	1	8	5	8	7	3	2
chr1:895127:895128	14	10	26	23	2	2	11	9	18	16	3	3
chr1:895135:895136	4	4	12	10	0	0	3	0	11	5	0	0
chr1:895140:895141	4	3	12	10	0	0	3	3	11	8	0	0
chr1:895149:895150	4	1	13	6	0	0	3	1	11	8	0	0
chr1:895156:895157	9	4	25	18	1	1	11	10	23	18	12	10
chr1:895163:895164	10	3	25	6	1	0	11	3	23	6	12	3
chr1:895184:895185	6	0	13	1	1	0	8	1	12	1	12	2
chr1:895188:895189	6	0	13	2	1	0	8	2	12	2	12	5
chr1:895190:895191	6	0	13	2	1	0	8	3	12	1	12	5
chr1:895200:895201	6	0	13	1	1	0	8	0	15	2	12	5
chr1:895277:895278	16	3	10	3	0	0	13	3	9	4	0	0
chr1:895298:895299	16	5	10	2	4	2	13	6	9	1	13	2
chr1:895300:895301	16	3	10	1	0	0	13	6	9	1	0	0
chr1:895309:895310	16	2	10	2	0	0	13	4	9	4	0	0
chr1:895312:895313	16	3	10	2	4	2	13	4	9	0	13	1
chr1:895314:895315	16	4	10	2	0	0	13	0	9	3	0	0
chr1:895319:895320	16	5	10	2	0	0	13	5	9	2	0	0
chr1:895327:895328	16	1	10	2	0	0	13	0	8	1	0	0
chr1:895375:895376	21	9	5	3	3	0	15	5	6	3	10	3
chr1:895386:895387	22	6	5	2	3	0	15	4	6	3	10	0
chr1:895398:895399	22	5	5	1	3	0	15	3	7	3	10	1
chr1:895412:895413	22	3	5	1	3	0	15	3	7	1	10	1
chr1:895414:895415	22	5	5	3	3	0	15	4	7	1	10	0
chr1:895422:895423	22	4	5	0	3	1	15	2	7	0	10	1
chr1:895476:895477	22	3	51	11	0	0	12	2	43	10	0	0
chr1:895492:895493	22	1	48	1	0	0	11	0	43	3	0	0
chr1:895511:895512	22	0	48	0	0	0	11	0	43	1	0	0
chr1:895583:895584	8	1	6	0	2	1	13	4	5	1	10	9
chr1:895599:895600	8	1	6	1	2	0	13	3	5	0	10	3
chr1:895620:895621	8	0	8	1	3	0	13	0	6	0	10	0
chr1:895684:895685	32	2	59	4	0	0	18	1	42	7	0	0
chr1:895711:895712	32	2	63	0	0	0	18	3	44	6	0	0
chr1:895730:895731	32	3	63	10	0	0	18	3	44	13	0	0
chr1:895766:895767	14	0	8	0	1	0	8	0	7	0	4	0
chr1:895782:895783	15	1	9	0	1	0	11	0	8	0	4	1
chr1:895804:895805	19	0	17	0	1	0	12	0	16	2	4	0
chr1:895820:895821	4	0	8	0	0	0	2	0	8	0	1	0
chr1:895840:895841	4	0	8	0	0	0	2	0	8	0	1	0
chr1:895852:895853	4	0	8	0	0	0	2	0	8	0	1	0
chr1:895858:895859	27	0	21	1	0	0	23	0	17	1	1	0
chr1:895863:895864	27	0	21	0	0	0	22	0	17	0	0	0
chr1:895868:895869	27	0	21	0	0	0	22	0	17	0	0	0
chr1:895881:895882	27	0	21	0	7	0	22	0	17	0	14	0
chr1:895883:895884	27	0	21	0	0	0	22	0	17	0	0	0
chr1:895890:895891	27	0	21	0	0	0	22	0	17	0	0	0
chr1:895901:895902	27	0	21	0	0	0	22	0	17	0	0	0
chr1:895959:895960	18	0	8	0	3	0	19	0	8	0	11	1
chr1:895962:895963	18	0	8	0	3	0	19	0	8	0	11	0
chr1:895972:895973	18	0	8	0	3	0	19	0	8	0	11	0
chr1:895982:895983	18	0	8	0	3	0	19	0	8	0	11	0
chr1:895987:895988	18	0	8	0	3	0	19	0	8	0	11	0
chr1:895993:895994	18	0	8	0	3	0	19	0	8	0	11	0
chr1:895996:895997	18	0	8	0	3	0	19	0	8	0	11	0
chr1:896008:896009	18	0	8	0	3	0	20	0	9	0	11	0
chr1:896176:896177	13	0	19	2	0	0	17	0	14	0	0	0
chr1:896179:896180	13	0	19	0	0	0	16	0	15	0	0	0
chr1:896189:896190	13	0	19	0	0	0	16	0	15	0	0	0
chr1:896196:896197	13	0	19	0	0	0	16	0	15	0	0	0
chr1:896201:896202	13	0	19	0	6	0	16	0	15	0	12	0
chr1:896203:896204	13	0	19	1	0	0	16	0	15	1	0	0
chr1:896210:896211	13	0	19	0	0	0	16	0	15	0	0	0
chr1:896216:896217	13	0	19	0	0	0	16	0	15	0	0	0
chr1:896225:896226	13	0	19	0	0	0	16	0	15	0	0	0
chr1:896234:896235	24	0	5	0	7	0	18	0	10	0	11	0
chr1:896240:896241	24	0	5	0	7	0	18	0	10	0	11	0
chr1:896242:896243	24	0	5	0	7	1	18	0	10	0	11	0
chr1:896246:896247	24	0	5	0	7	0	18	0	10	0	11	0
chr1:896250:896251	24	0	5	0	7	0	18	0	10	0	11	0
chr1:896261:896262	24	0	5	0	7	0	18	0	10	0	11	0
chr1:896268:896269	24	0	5	0	7	0	18	0	10	0	11	0
chr1:896274:896275	24	0	5	0	7	0	18	0	10	0	11	0
chr1:896281:896282	23	0	6	0	7	0	18	0	12	1	11	0
chr1:896320:896321	37	0	19	0	0	0	26	0	23	2	0	0
chr1:896338:896339	37	0	18	0	15	0	26	0	21	0	24	0
chr1:896340:896341	37	0	18	0	0	0	26	0	21	0	0	0
chr1:896345:896346	37	0	18	0	15	0	26	0	21	0	24	0
chr1:896347:896348	37	0	18	0	15	0	26	0	21	0	24	0
chr1:896349:896350	37	0	18	0	0	0	26	0	21	0	0	0
chr1:896358:896359	37	0	18	0	15	0	26	0	21	0	24	0
chr1:896360:896361	37	0	18	0	0	0	26	0	21	0	0	0
chr1:896367:896368	37	0	18	0	0	0	26	0	21	0	0	0
chr1:896378:896379	12	0	28	0	6	0	20	0	12	0	15	0
chr1:896386:896387	12	0	28	0	6	0	20	0	12	0	15	0
chr1:896396:896397	12	0	28	0	6	0	20	0	12	0	15	0
chr1:896398:896399	12	0	28	0	6	0	20	0	12	0	15	0
chr1:896413:896414	12	0	28	0	6	0	20	0	12	0	15	0
chr1:896421:896422	12	0	28	1	5	0	20	0	12	0	15	0
chr1:896424:896425	12	0	27	2	6	0	20	0	12	0	15	0
chr1:896599:896600	8	0	6	2	0	0	17	0	22	2	0	0
chr1:896611:896612	8	0	5	0	0	0	17	0	21	1	0	0
chr1:896622:896623	8	0	5	0	0	0	17	0	21	0	0	0
chr1:896626:896627	8	0	5	0	0	0	17	1	21	2	0	0
chr1:896630:896631	8	0	5	1	0	0	17	0	21	4	0	0
chr1:896639:896640	8	0	5	0	0	0	17	0	21	1	0	0
chr1:896644:896645	8	0	5	1	0	0	17	0	21	2	0	0
chr1:896656:896657	17	2	13	0	6	0	17	3	21	2	15	2
chr1:896660:896661	17	0	13	0	6	1	17	1	21	3	15	2
chr1:896675:896676	17	0	13	0	6	0	17	0	21	0	15	0
chr1:896685:896686	17	1	13	1	6	1	17	1	21	1	15	2
chr1:896689:896690	17	0	13	1	6	1	17	0	21	0	15	1
chr1:896691:896692	17	0	13	0	6	0	17	1	21	0	15	0
chr1:896697:896698	18	0	17	3	6	1	17	0	20	0	15	2
chr1:897154:897155	11	10	4	3	0	0	6	6	5	5	0	0
chr1:897164:897165	11	11	5	5	0	0	6	5	5	4	0	0
chr1:897192:897193	11	11	5	5	0	0	6	6	5	5	0	0
chr1:897200:897201	10	10	5	5	0	0	6	6	5	5	0	0
chr1:897282:897283	7	7	36	32	23	22	10	9	25	21	39	38
chr1:897307:897308	7	6	34	34	23	23	10	10	22	20	39	38
chr1:898274:898275	8	8	7	7	0	0	11	11	7	7	0	0
chr1:898308:898309	5	5	7	7	0	0	11	11	7	7	0	0
chr1:898312:898313	5	5	7	7	0	0	11	11	7	7	0	0
chr1:898372:898373	14	14	62	61	17	16	16	16	52	51	43	43
chr1:898613:898614	7	7	12	10	0	0	12	11	25	17	0	0
chr1:898630:898631	8	7	14	14	0	0	12	11	25	23	0	0
chr1:898658:898659	8	7	14	12	0	0	12	12	25	22	0	0
chr1:898743:898744	10	10	21	18	6	6	12	12	6	6	10	10
chr1:898755:898756	10	10	21	18	6	6	12	11	6	5	10	8
chr1:898761:898762	10	9	21	21	6	5	12	12	6	6	10	10
chr1:898772:898773	10	9	21	16	6	6	12	11	6	6	10	8
chr1:898781:898782	11	10	22	21	6	6	14	14	14	14	10	10
chr1:898804:898805	1	1	8	8	1	1	4	4	9	9	0	0
chr1:898824:898825	1	1	8	8	1	1	4	4	9	9	0	0
chr1:899246:899247	5	4	11	11	0	0	5	4	8	7	0	0
chr1:899251:899252	3	2	8	8	0	0	4	4	8	8	0	0
chr1:899281:899282	5	5	22	20	3	3	7	6	19	17	6	6
chr1:899306:899307	2	2	14	13	3	3	3	2	11	11	6	6
chr1:899311:899312	2	2	14	13	3	2	3	3	11	10	6	6
chr1:899323:899324	4	2	16	15	3	3	3	3	11	11	6	6
chr1:899357:899358	37	36	27	23	0	0	23	23	16	12	0	0
chr1:899363:899364	35	35	26	26	0	0	23	23	16	16	0	0
chr1:899372:899373	35	35	26	26	0	0	23	22	16	15	0	0
chr1:899382:899383	35	32	26	25	0	0	23	23	16	16	0	0
chr1:899433:899434	28	27	21	19	19	19	27	24	31	24	25	23
chr1:899464:899465	28	23	21	19	19	18	27	23	31	29	25	21
chr1:899480:899481	28	27	21	21	19	19	28	26	32	32	25	25
chr1:900187:900188	6	5	10	9	0	0	3	3	7	7	0	0
chr1:900198:900199	6	6	10	10	3	3	3	3	7	7	2	2
chr1:900200:900201	6	6	10	10	0	0	3	3	7	7	0	0
chr1:900206:900207	6	6	10	8	0	0	3	3	7	6	0	0
chr1:900437:900438	2	2	14	14	0	0	3	3	12	10	4	2
chr1:900459:900460	2	2	14	14	0	0	3	3	12	12	4	4
chr1:900478:900479	2	2	14	14	0	0	3	3	13	12	4	4
chr1:901642:901643	18	2	15	2	0	0	9	0	9	0	0	0
chr1:901684:901685	18	3	15	0	0	0	9	0	9	0	0	0
chr1:901798:901799	23	2	9	0	3	0	17	1	13	3	8	0
chr1:901815:901816	23	0	9	0	3	0	17	0	13	0	8	0
chr1:901829:901830	33	0	17	1	0	0	35	0	12	0	0	0
chr1:901837:901838	33	0	17	1	0	0	36	4	12	0	0	0
chr1:901845:901846	33	0	17	0	17	0	36	0	12	0	29	0
chr1:901847:901848	33	0	17	0	0	0	36	0	12	0	0	0
chr1:901854:901855	32	1	17	0	0	0	36	1	12	1	0	0
chr1:901953:901954	44	1	25	2	15	0	42	0	34	2	31	2
chr1:901978:901979	17	0	11	0	0	0	15	0	22	0	0	0
chr1:901999:902000	29	2	31	2	17	0	33	3	38	3	18	4
chr1:902004:902005	13	0	21	0	17	0	18	0	16	0	18	0
chr1:902012:902013	13	0	20	0	17	0	18	0	16	0	18	2
chr1:902024:902025	13	0	20	0	17	0	18	0	16	0	18	0
chr1:902041:902042	13	0	20	0	16	0	18	0	16	0	18	0
chr1:902046:902047	14	0	24	0	17	0	20	0	22	0	18	4
chr1:902092:902093	1	0	6	0	3	0	6	0	6	0	2	0
chr1:902094:902095	1	0	6	0	3	0	6	0	6	0	2	0
chr1:902175:902176	10	0	14	1	1	0	22	0	16	0	1	1
chr1:902181:902182	9	0	10	1	0	0	20	0	14	0	0	0
chr1:902188:902189	9	0	10	0	6	0	20	0	14	0	9	0
chr1:902190:902191	9	0	10	0	0	0	20	0	14	0	0	0
chr1:902193:902194	9	0	10	0	0	0	20	0	14	0	0	0
chr1:902199:902200	9	0	10	0	0	0	20	0	14	0	0	0
chr1:902219:902220	9	0	10	0	0	0	20	0	14	0	0	0
chr1:902231:902232	19	0	11	0	8	0	8	0	5	0	11	0
chr1:902233:902234	19	0	12	0	8	0	8	0	5	0	12	0
chr1:902235:902236	19	0	12	0	8	0	8	0	5	0	12	0
chr1:902244:902245	19	0	12	0	8	0	8	0	5	0	12	0
chr1:902252:902253	19	0	12	0	8	0	8	0	5	0	12	0
chr1:902275:902276	19	0	12	0	8	0	8	0	5	0	11	0
chr1:902281:902282	19	0	11	1	8	0	8	0	5	0	12	2
chr1:902345:902346	9	0	30	0	2	0	12	0	28	1	0	0
chr1:902349:902350	9	0	25	0	0	0	12	1	28	0	0	0
