s19_G	s19_B1	s19_B2	s21_G	s21_B1	s21_B2
chr1:10496:10497	37	31	69	65	0	0	45	42	51	48	0	0
chr1:10524:10525	37	36	73	69	0	0	45	43	56	53	0	0
chr1:10541:10542	37	35	73	69	0	0	45	42	56	54	0	0
chr1:134998:134999	15	14	51	51	0	0	20	19	53	52	0	0
chr1:135027:135028	15	13	53	48	0	0	20	20	53	49	0	0
chr1:135030:135031	15	14	53	50	0	0	20	20	53	48	0	0
chr1:135171:135172	7	7	4	4	3	3	4	4	5	5	7	7
chr1:135177:135178	7	7	4	4	3	3	4	4	5	5	7	7
chr1:135189:135190	7	7	4	4	3	3	4	4	5	5	7	6
chr1:135201:135202	7	7	4	4	3	3	4	4	5	5	7	7
