0	167	0	394	7	417	0	362	3	231	0	386	7	360	0	435	4	361	1	389	1	325	0	315	8	356	1	338	4	299	1	290	2	343	1	562	2	310	2	563	6	261	4	365	3	516	0	95	3	317	0	305	8	280	2	435	4	298	0	444	2	409	0	76	22	1724	13	3035	8	680	8	3584	32	1476	4	1652	14	1360	10	3690	48	2686	8	2461	23	1970	8	3860	31	1365	19	5474	37	3424	0	425
0	166	1	391	8	414	0	362	4	231	3	385	6	356	1	428	3	361	0	386	0	325	0	314	6	356	0	336	3	296	1	291	2	341	1	561	3	309	0	564	4	258	0	364	5	514	0	95	2	317	0	305	10	278	0	435	3	296	0	444	2	409	1	76	20	1718	13	3027	11	676	23	3571	31	1470	9	1641	18	1363	14	3673	52	2672	15	2454	22	1961	17	3844	31	1365	27	5451	33	3424	1	426
1	167	0	394	9	417	0	362	3	232	0	386	5	361	1	437	4	361	0	389	2	325	0	316	6	354	0	338	3	299	1	292	2	343	1	564	4	310	0	566	4	261	0	365	2	517	0	95	3	317	0	305	11	280	0	436	3	298	0	443	2	410	0	76	19	1725	18	3036	10	681	10	3586	36	1478	6	1654	20	1365	18	3693	43	2690	13	2464	25	1972	18	3865	31	1368	26	5481	35	3427	2	427
2	167	0	394	9	417	0	362	4	232	0	386	6	361	3	438	3	361	2	389	1	326	0	317	7	356	1	339	4	299	0	292	3	343	3	563	3	310	3	568	4	261	0	365	3	517	0	95	1	317	0	305	9	280	2	437	5	298	0	443	2	410	0	76	25	1723	19	3038	12	681	17	3586	32	1479	7	1655	16	1364	20	3695	49	2689	10	2465	21	1974	17	3866	33	1367	19	5479	35	3426	2	427
1	167	0	394	8	417	1	362	3	232	1	386	4	360	0	438	3	361	0	389	0	326	1	317	6	356	1	339	5	299	1	292	2	343	0	564	3	310	0	568	5	261	1	365	2	517	0	95	5	317	0	305	10	280	0	437	4	298	0	444	2	410	0	76	17	1726	4	3039	9	682	7	3587	30	1479	9	1655	15	1365	12	3695	43	2691	7	2466	23	1974	4	3869	29	1368	10	5483	28	3427	1	428
2	167	1	394	8	416	0	363	4	232	0	386	7	362	3	438	3	361	2	389	0	326	0	317	4	356	0	339	3	299	1	292	2	343	0	563	4	310	1	567	4	261	0	365	2	517	0	95	2	317	1	305	9	280	4	437	3	298	0	444	4	410	0	76	16	1727	7	3038	6	682	15	3584	37	1479	9	1655	16	1365	12	3698	43	2690	7	2466	21	1975	13	3870	29	1368	18	5482	30	3426	2	428
1	167	0	394	8	417	2	363	4	232	0	386	5	362	0	438	3	361	1	389	0	326	0	317	5	356	1	339	3	299	1	292	2	343	0	564	4	310	1	568	3	261	0	365	2	517	1	95	2	317	0	305	11	280	1	436	3	298	0	444	1	410	0	76	20	1727	7	3040	9	682	11	3587	31	1479	3	1655	15	1365	14	3698	53	2690	9	2468	20	1975	14	3871	28	1369	13	5483	34	3429	0	428
1	167	0	394	11	417	0	363	3	232	2	386	5	362	0	438	4	361	1	389	0	326	1	317	5	356	1	339	3	299	0	292	3	344	1	564	4	310	1	568	5	261	0	365	1	517	0	95	2	317	1	305	10	280	1	437	3	298	0	444	1	410	0	76	19	1727	11	3040	7	682	10	3589	33	1480	5	1655	16	1365	14	3699	50	2690	2	2469	19	1974	12	3871	33	1372	14	5482	31	3430	1	428
1	167	1	394	11	417	2	363	3	232	0	386	5	362	1	438	3	361	2	389	0	326	0	317	6	356	0	339	6	298	1	292	2	344	1	564	3	310	2	568	4	261	1	365	3	517	0	96	3	317	2	305	8	280	1	437	5	298	0	444	2	410	0	76	17	1727	2	3040	8	682	3	3589	28	1480	5	1655	13	1365	5	3699	37	2690	6	2470	17	1975	4	3872	28	1372	10	5482	25	3430	0	428
2	167	0	395	8	418	1	363	5	232	1	386	5	362	1	438	4	361	1	389	0	326	1	317	6	355	1	339	3	299	1	292	1	344	5	563	5	311	2	568	4	261	1	365	3	516	0	97	3	316	1	305	10	280	0	437	4	298	0	445	0	411	0	76	24	1724	20	3037	15	684	18	3585	32	1479	10	1656	27	1362	27	3697	49	2693	14	2470	30	1975	22	3871	37	1372	42	5479	47	3430	3	428
1	167	3	395	8	418	1	363	3	232	0	386	5	362	2	438	3	361	1	389	0	326	1	317	8	356	2	339	1	299	1	292	2	344	0	564	5	311	0	568	4	261	0	365	3	517	0	97	2	317	0	305	10	280	2	437	3	298	3	445	2	410	0	76	21	1727	9	3040	6	684	14	3589	31	1481	4	1656	14	1365	9	3701	45	2693	7	2471	22	1975	9	3876	29	1374	12	5486	29	3428	0	428
1	167	2	395	7	419	2	363	5	232	0	385	5	361	1	437	5	361	0	389	1	324	2	316	8	356	0	338	5	299	0	292	3	344	1	564	3	311	3	568	5	261	0	363	2	517	0	97	5	315	1	304	11	280	0	437	3	299	1	444	1	411	0	76	25	1721	21	3034	9	684	15	3588	37	1478	14	1652	18	1364	29	3691	54	2686	30	2466	28	1972	29	3870	31	1373	37	5467	42	3429	3	428
2	166	1	395	8	420	0	361	4	234	1	388	6	364	3	440	4	361	0	391	0	328	2	318	7	358	0	339	4	300	2	292	4	343	1	563	3	311	2	570	7	262	0	366	3	516	0	97	4	317	0	306	11	280	1	437	4	300	3	445	2	411	0	76	27	1735	18	3056	9	689	24	3594	37	1482	10	1663	24	1375	22	3710	57	2701	27	2479	31	1996	28	3886	33	1393	45	5496	38	3446	4	428
1	167	0	396	9	421	1	362	4	234	1	388	6	361	2	440	4	363	0	391	0	328	2	318	6	358	0	339	3	300	1	292	3	346	1	563	3	312	1	570	4	262	0	366	5	516	0	97	3	317	0	306	10	281	2	436	4	300	0	445	2	411	0	76	23	1737	10	3058	10	689	18	3599	33	1485	9	1664	17	1381	11	3710	47	2701	13	2486	24	2000	20	3887	33	1396	21	5503	29	3451	5	431
1	167	0	396	8	421	1	362	2	233	0	387	7	363	1	439	5	363	0	391	0	328	0	318	6	358	0	339	4	300	0	292	2	346	1	564	2	312	0	571	4	261	1	366	2	516	0	97	2	317	1	306	9	281	1	438	4	300	2	445	2	411	0	76	17	1733	9	3052	9	687	12	3594	31	1484	5	1656	14	1381	8	3704	42	2701	6	2483	18	1998	7	3882	26	1394	19	5497	28	3446	1	430
0	167	0	396	8	420	3	360	4	233	1	387	6	364	0	440	3	363	2	391	1	328	0	318	8	358	1	339	5	300	2	292	3	346	3	564	4	312	3	571	5	260	2	366	3	514	0	97	2	317	0	306	10	281	2	438	3	300	0	445	3	412	0	76	26	1735	14	3053	7	687	21	3596	31	1484	11	1658	18	1381	22	3708	45	2698	17	2481	29	1998	16	3885	28	1394	29	5500	37	3448	3	429
1	166	1	395	9	419	2	359	4	232	1	385	6	364	2	439	3	363	1	391	0	328	2	317	6	358	0	339	3	299	1	292	2	343	0	561	4	310	0	570	4	259	1	366	6	514	1	96	1	317	0	306	10	280	1	437	5	300	1	445	3	412	0	76	25	1726	18	3035	13	683	20	3589	39	1477	11	1641	17	1374	23	3687	50	2692	20	2472	31	1989	20	3856	31	1386	38	5479	49	3430	2	419
1	166	2	394	8	419	0	358	3	231	2	385	5	363	1	439	3	362	1	391	1	328	1	317	6	358	1	339	3	299	2	292	3	340	3	563	3	310	0	570	5	259	1	365	2	513	0	94	3	316	0	305	11	280	1	437	3	300	2	444	1	412	0	76	21	1727	15	3036	8	683	12	3592	32	1477	14	1641	14	1375	17	3687	46	2692	16	2471	20	1989	11	3857	29	1387	27	5484	28	3432	0	418
2	166	3	394	9	418	0	358	3	230	1	385	6	362	2	438	6	362	2	391	2	327	1	317	8	358	3	339	4	299	2	292	4	340	0	563	4	309	2	570	4	259	0	363	3	514	0	94	2	316	0	305	11	279	1	437	3	300	2	444	2	412	0	76	30	1727	14	3036	12	681	24	3590	37	1475	10	1640	18	1375	24	3684	52	2691	21	2469	29	1990	21	3853	29	1382	36	5483	41	3429	5	419
0	165	0	394	11	418	0	358	5	230	0	385	5	362	3	438	3	362	0	391	0	328	0	317	7	357	0	339	5	298	1	292	3	340	2	563	4	308	2	570	4	259	1	363	2	514	0	94	2	316	0	305	11	279	3	437	3	300	1	442	1	412	0	76	21	1727	10	3037	9	682	9	3584	34	1476	3	1640	14	1374	12	3684	49	2691	5	2469	19	1990	8	3852	30	1386	11	5480	31	3429	2	418
1	162	1	392	8	416	1	358	4	229	1	385	5	359	0	435	4	362	3	391	0	328	4	317	7	357	1	339	3	298	1	292	2	340	1	563	3	308	2	567	4	257	0	362	4	515	0	93	2	315	1	304	10	279	1	436	4	300	1	444	2	412	0	76	24	1724	34	3027	15	677	34	3579	36	1473	16	1636	22	1371	33	3677	59	2684	21	2461	35	1987	35	3837	36	1381	57	5472	63	3425	4	412
1	162	3	393	9	416	3	358	4	229	2	385	5	359	2	435	5	362	1	391	1	328	0	317	6	357	1	339	4	298	2	292	3	341	1	563	3	308	1	567	6	257	1	362	4	515	0	94	2	315	2	304	11	277	2	436	4	300	0	444	2	412	0	76	26	1723	18	3027	15	677	19	3574	33	1475	12	1636	21	1370	21	3676	58	2685	15	2460	28	1987	24	3837	28	1380	34	5471	31	3425	3	412
1	162	1	393	9	416	2	358	5	229	1	384	5	359	1	434	3	362	2	391	4	328	0	317	8	356	1	339	5	298	1	292	3	340	1	563	5	307	4	567	3	257	3	362	3	515	1	94	3	314	0	303	10	277	1	436	4	300	2	444	1	412	0	76	23	1720	12	3028	9	677	18	3570	32	1473	6	1635	16	1368	21	3673	49	2685	5	2459	29	1987	17	3832	36	1379	18	5462	43	3425	0	412
1	161	1	393	9	416	0	358	3	229	1	384	6	358	0	433	4	362	0	391	2	328	1	317	7	356	0	339	3	298	0	292	7	340	0	563	5	307	0	567	4	257	1	363	3	515	1	94	3	314	0	303	10	277	1	436	4	300	0	444	2	412	0	76	19	1719	6	3028	8	677	13	3567	32	1470	6	1633	17	1368	9	3669	45	2682	5	2458	24	1986	7	3833	25	1378	24	5458	36	3418	0	412
1	161	1	390	8	416	0	356	3	229	0	381	5	359	1	434	3	362	2	390	1	327	0	317	6	355	0	339	4	298	1	292	2	340	2	562	3	306	0	567	4	255	1	363	1	507	0	94	4	314	0	303	9	277	0	435	4	300	1	443	2	411	0	76	17	1710	3	3019	8	670	5	3562	28	1464	5	1624	11	1358	8	3661	41	2672	7	2446	20	1974	5	3819	25	1367	13	5443	22	3411	3	408
2	159	1	375	8	405	0	336	4	220	0	366	4	344	0	411	5	349	3	368	0	315	1	308	6	342	0	324	5	287	0	285	2	325	0	544	3	290	0	552	4	244	0	351	2	492	0	89	3	307	0	288	9	264	1	419	3	286	1	421	1	397	0	70	14	1654	4	2945	7	622	5	3451	29	1403	3	1540	14	1286	5	3533	39	2566	3	2351	17	1892	4	3714	24	1290	8	5276	24	3337	0	392
2785	2897	54	479	3552	3725	72	585	3496	3670	41	440	5016	5257	51	771	2406	2519	37	361	2308	2418	27	244	2406	2514	20	171	2674	2807	21	165	3792	3964	79	865	3839	4002	70	703	4345	4551	52	582	5393	5654	54	221	2105	2216	32	197	2313	2416	30	177	2496	2618	25	242	2594	2724	21	115	16519	17333	499	4187	15118	15874	208	1956	18736	19625	475	1685	23008	24117	193	1591	19111	20255	359	2407	26767	28132	180	1857	17127	17930	313	2400	29382	30925	86	463
2881	3009	42	582	3688	3858	83	636	3609	3826	55	514	5175	5464	54	799	2426	2583	53	437	2392	2502	21	285	2480	2600	20	233	2759	2885	25	210	3901	4115	62	934	3972	4165	77	761	4510	4741	53	628	5543	5838	65	239	2175	2283	44	239	2398	2502	32	210	2564	2713	25	301	2640	2788	21	146	17265	18206	519	4437	15898	16704	275	2302	19754	20666	500	1937	23891	25144	222	1976	20432	21690	407	2681	27967	29345	184	2196	18031	18940	371	2864	30341	32055	91	509
2878	3041	55	589	3657	3909	95	640	3603	3855	58	520	5158	5515	65	804	2432	2609	51	439	2361	2527	35	294	2480	2643	30	237	2757	2923	26	215	3905	4155	92	938	3931	4202	80	770	4481	4792	76	631	5498	5883	57	243	2148	2302	40	244	2376	2525	36	213	2583	2744	35	309	2615	2811	25	148	17290	18474	560	4470	15816	16927	307	2345	19721	20942	536	1963	23811	25449	269	2012	20343	21910	429	2697	27786	29696	232	2228	18010	19234	389	2916	30291	32391	96	512
2878	3051	51	596	3666	3926	86	645	3608	3871	49	523	5186	5536	82	808	2474	2615	56	443	2379	2532	24	297	2440	2649	23	238	2739	2930	37	216	3866	4171	91	941	3951	4221	83	774	4519	4810	60	632	5552	5903	65	244	2163	2308	43	247	2371	2536	32	217	2607	2760	27	310	2633	2823	22	149	17417	18570	546	4503	15981	17009	300	2366	19802	21043	534	1977	24028	25550	261	2032	20507	22005	409	2713	27962	29831	246	2257	18164	19347	397	2946	30435	32508	101	520
2866	3051	45	597	3685	3927	82	645	3626	3876	62	523	5216	5542	79	810	2452	2617	47	443	2371	2533	28	297	2476	2650	28	238	2750	2933	32	216	3911	4172	99	941	3952	4224	83	775	4501	4815	67	632	5519	5904	62	244	2177	2311	46	247	2377	2537	33	217	2606	2762	34	310	2622	2824	25	149	17420	18586	602	4502	16002	17026	296	2368	19822	21060	558	1978	23989	25563	274	2035	20382	22018	448	2714	27981	29837	230	2264	18203	19356	425	2946	30440	32525	112	520
2883	3052	54	598	3688	3928	87	645	3637	3877	55	523	5186	5544	72	810	2473	2617	57	442	2354	2533	25	297	2465	2650	25	238	2747	2934	27	216	3948	4172	101	941	3991	4226	77	775	4536	4815	65	632	5550	5907	56	244	2168	2311	42	247	2387	2540	34	217	2631	2762	27	311	2639	2826	26	150	17356	18595	596	4502	15994	17037	288	2371	19820	21078	549	1978	24039	25580	249	2035	20478	22035	403	2712	27858	29853	214	2266	18110	19367	403	2947	30388	32535	94	519
2875	3051	78	598	3680	3928	96	645	3630	3877	51	523	5189	5545	77	811	2438	2617	55	443	2402	2534	27	298	2484	2650	28	238	2784	2935	28	216	3937	4173	100	942	3992	4227	83	776	4515	4817	66	632	5531	5909	60	244	2178	2311	46	247	2403	2541	35	217	2593	2764	35	312	2640	2827	28	150	17441	18601	585	4507	15992	17049	313	2373	19854	21091	521	1979	24067	25592	263	2039	20537	22037	428	2714	27998	29855	288	2267	18157	19387	424	2950	30458	32537	103	521
2886	3052	48	599	3716	3930	90	644	3651	3879	63	522	5202	5548	75	811	2473	2617	51	443	2417	2535	22	298	2472	2652	31	238	2786	2935	35	216	3947	4179	93	942	3999	4229	76	778	4557	4819	66	632	5595	5909	62	243	2180	2311	49	249	2385	2542	46	217	2619	2764	27	312	2674	2828	32	150	17539	18617	584	4508	16104	17062	290	2376	19917	21103	529	1979	24148	25610	283	2039	20628	22051	413	2717	28090	29888	233	2272	18260	19404	401	2952	30621	32558	110	523
2869	3053	45	598	3673	3927	89	644	3658	3884	63	521	5204	5549	84	810	2466	2616	54	442	2358	2535	32	299	2478	2652	24	238	2761	2937	33	216	3940	4177	83	943	3984	4229	87	778	4544	4819	61	633	5542	5913	64	244	2193	2311	46	249	2371	2542	40	217	2588	2764	34	312	2651	2828	30	150	17511	18622	569	4505	16080	17076	342	2375	19805	21101	522	1977	24022	25609	271	2041	20515	22049	467	2718	28110	29901	251	2273	18185	19419	411	2953	30460	32558	124	525
2867	3055	73	598	3698	3930	90	643	3643	3885	54	521	5248	5552	86	811	2478	2616	66	442	2392	2538	33	299	2477	2652	25	238	2758	2938	34	216	3929	4177	113	942	3972	4231	85	778	4555	4821	63	633	5525	5912	70	244	2180	2311	47	249	2379	2541	40	217	2604	2763	29	310	2647	2831	23	150	17452	18619	556	4504	16002	17079	322	2373	19807	21116	562	1975	23959	25607	291	2043	20570	22052	447	2716	28036	29894	240	2272	18184	19423	422	2953	30614	32561	117	526
2889	3053	59	598	3663	3932	95	644	3652	3885	66	520	5258	5551	81	810	2490	2616	54	443	2386	2538	32	299	2494	2653	28	237	2774	2935	28	216	3926	4179	106	942	3987	4231	92	778	4533	4820	60	633	5567	5911	65	244	2182	2312	44	249	2391	2542	38	217	2616	2765	40	312	2645	2830	28	150	17539	18627	559	4507	16134	17087	347	2374	19967	21128	525	1977	24086	25621	293	2044	20576	22054	462	2713	28172	29902	272	2276	18301	19433	425	2950	30640	32558	96	524
2885	3053	53	600	3707	3929	88	644	3643	3885	49	521	5189	5551	83	811	2460	2616	65	443	2404	2536	28	299	2500	2653	32	238	2756	2937	32	216	3955	4177	98	942	3988	4232	75	778	4538	4822	79	632	5540	5912	64	245	2177	2311	49	249	2399	2542	36	218	2610	2765	39	311	2655	2832	26	150	17490	18622	624	4504	16035	17087	315	2371	19854	21122	553	1978	24073	25614	268	2042	20646	22059	444	2718	28055	29910	267	2278	18158	19426	418	2950	30494	32561	101	526
2864	3054	38	601	3691	3926	92	644	3643	3888	50	519	5209	5551	61	810	2458	2617	52	442	2377	2537	39	298	2500	2651	27	238	2742	2938	26	216	3960	4174	104	940	3975	4232	90	778	4514	4820	55	632	5541	5913	63	245	2165	2312	46	249	2400	2541	41	218	2593	2765	33	311	2612	2832	30	150	17379	18630	540	4508	15978	17090	317	2374	19815	21118	506	1978	23943	25614	274	2044	20515	22068	422	2714	27932	29907	231	2279	18183	19426	414	2953	30333	32557	116	526
2829	3052	67	599	3623	3925	84	644	3592	3889	40	519	5081	5550	55	809	2396	2616	51	443	2377	2538	22	297	2451	2652	23	238	2715	2939	31	216	3855	4171	86	941	3910	4229	74	776	4484	4818	52	629	5403	5910	62	244	2117	2312	41	249	2355	2541	31	218	2525	2764	24	311	2583	2832	25	150	17014	18615	485	4508	15797	17083	275	2373	19446	21124	531	1979	23617	25618	238	2046	20072	22048	394	2719	27470	29894	218	2279	17833	19417	364	2950	29826	32561	104	527
2870	3051	60	581	3683	3922	84	632	3618	3884	53	503	5218	5541	65	788	2466	2616	40	436	2378	2537	25	291	2477	2651	27	232	2740	2937	30	205	3934	4169	77	925	3925	4225	74	753	4520	4817	53	608	5531	5908	58	238	2155	2312	46	240	2380	2538	33	211	2592	2764	28	299	2647	2830	22	143	17168	18524	560	4395	15932	17063	293	2294	19617	21092	527	1915	23690	25542	249	1984	20148	21975	375	2658	27679	29842	213	2209	17961	19348	418	2877	30168	32510	102	518
2823	3052	50	600	3642	3925	82	643	3591	3885	43	519	5106	5545	68	808	2443	2616	47	443	2347	2537	27	297	2442	2652	23	238	2721	2939	28	216	3863	4171	87	939	3905	4227	66	776	4442	4815	58	627	5471	5909	60	243	2127	2311	47	248	2378	2541	41	217	2556	2764	29	310	2613	2831	23	150	17215	18615	549	4503	15826	17082	302	2365	19629	21113	553	1977	23743	25611	229	2042	20272	22055	427	2715	27720	29896	191	2276	17964	19418	376	2948	30036	32555	103	527
2527	3052	49	600	3260	3924	80	643	3163	3884	55	518	4603	5544	58	806	2128	2615	57	443	2118	2538	29	297	2198	2652	28	236	2406	2938	32	216	3453	4169	82	937	3478	4227	81	774	4015	4815	48	625	4862	5910	62	242	1929	2311	39	247	2122	2540	35	216	2330	2764	18	310	2334	2831	21	148	15213	18621	544	4497	14043	17080	285	2363	17445	21111	546	1977	20952	25603	233	2038	18078	22057	404	2709	24633	29901	213	2272	16015	19418	347	2946	26647	32551	99	527
2689	3051	51	597	3415	3925	85	640	3360	3884	46	516	4795	5544	62	802	2268	2615	40	442	2220	2536	30	297	2312	2651	21	236	2580	2937	29	216	3619	4168	84	936	3677	4227	70	774	4195	4814	48	624	5096	5906	59	242	2008	2310	43	246	2222	2539	31	216	2388	2763	28	310	2491	2831	21	147	16004	18615	514	4487	14674	17079	249	2361	18200	21110	531	1975	21923	25585	235	2033	18893	22053	393	2702	25728	29884	205	2265	16713	19413	386	2937	27756	32545	94	525
2753	3051	73	600	3541	3924	90	642	3503	3883	60	518	4962	5545	76	805	2329	2616	51	443	2282	2538	34	297	2363	2652	18	236	2648	2936	37	216	3749	4169	99	937	3811	4227	83	775	4291	4814	59	625	5268	5909	62	242	2089	2311	45	247	2313	2540	38	215	2469	2764	34	310	2524	2831	28	147	16544	18619	591	4495	15234	17076	299	2364	18844	21115	521	1977	22813	25602	265	2036	19529	22065	430	2707	26499	29892	256	2272	17324	19422	418	2944	28923	32555	94	526
2906	3047	68	582	3715	3918	86	626	3689	3879	55	507	5272	5541	93	784	2470	2614	54	434	2398	2533	38	292	2488	2650	27	229	2762	2938	37	206	3926	4163	101	927	3984	4222	94	757	4554	4805	72	613	5566	5903	61	235	2204	2311	50	243	2410	2537	41	214	2603	2760	36	303	2654	2831	26	141	17421	18607	570	4439	15967	17062	342	2335	19834	21098	532	1965	24026	25573	271	2011	20516	22035	426	2679	27984	29872	268	2238	18150	19403	394	2911	30348	32525	107	508
2943	3044	47	582	3756	3914	89	625	3718	3874	46	505	5332	5534	58	783	2524	2610	44	432	2403	2531	27	291	2533	2647	25	229	2839	2936	29	207	4005	4160	89	922	4059	4218	80	754	4642	4799	52	612	5638	5897	60	235	2226	2309	42	243	2434	2535	35	213	2658	2756	22	303	2707	2828	20	141	17893	18601	530	4435	16367	17056	295	2331	20269	21092	563	1960	24508	25573	261	2006	21007	22027	386	2667	28657	29861	214	2235	18700	19393	356	2908	31182	32509	92	505
2928	3046	51	582	3761	3907	70	625	3683	3875	46	506	5266	5535	46	782	2493	2611	43	431	2406	2529	24	290	2532	2647	23	229	2804	2932	30	207	3983	4158	78	927	4046	4219	79	756	4623	4802	60	612	5626	5897	61	234	2210	2307	44	243	2419	2533	32	214	2621	2752	25	303	2678	2825	23	141	17748	18591	538	4439	16348	17049	264	2337	20156	21089	542	1963	24486	25558	213	2012	20912	22022	394	2674	28592	29852	200	2236	18566	19389	372	2911	31004	32501	93	506
2867	3044	65	582	3657	3910	81	625	3648	3875	51	507	5191	5537	73	783	2440	2609	54	433	2376	2529	31	291	2469	2647	25	229	2763	2934	30	207	3903	4160	75	927	3966	4215	78	756	4537	4801	53	612	5543	5899	64	234	2175	2302	38	243	2385	2532	41	214	2572	2756	29	303	2647	2826	24	141	17433	18594	575	4439	16010	17049	290	2337	19769	21084	530	1964	23982	25563	250	2009	20540	22018	415	2675	27986	29849	229	2238	18190	19386	383	2911	30413	32503	102	506
2926	3045	63	581	3760	3910	83	625	3731	3877	45	507	5336	5537	65	782	2499	2610	41	433	2442	2532	28	290	2550	2646	27	229	2795	2937	25	207	4002	4160	104	927	4060	4220	83	756	4647	4804	66	611	5669	5901	63	234	2218	2306	44	243	2427	2532	35	213	2635	2755	32	303	2715	2829	25	141	17836	18595	607	4434	16382	17050	327	2335	20356	21088	536	1964	24561	25567	269	2010	21019	22023	425	2675	28655	29847	237	2239	18624	19390	388	2910	31182	32505	106	506
2887	3040	54	573	3684	3899	94	622	3649	3862	61	507	5202	5518	67	779	2448	2595	46	429	2360	2516	38	287	2474	2637	25	225	2752	2922	29	207	3921	4153	119	923	3970	4209	85	752	4517	4789	59	609	5539	5886	64	235	2165	2296	47	232	2392	2528	33	210	2597	2745	34	301	2628	2814	21	140	17429	18559	571	4428	16052	17007	309	2325	19909	21045	541	1953	24092	25527	259	1993	20654	21996	424	2665	28088	29809	252	2232	18289	19357	427	2894	30492	32444	113	503
2837	3030	48	565	3668	3894	85	621	3566	3849	44	503	5124	5500	56	777	2418	2588	47	425	2345	2503	28	284	2457	2624	23	222	2694	2904	28	202	3893	4150	74	921	3928	4195	68	745	4465	4780	45	610	5484	5887	56	232	2122	2277	44	229	2377	2516	35	210	2567	2734	31	297	2644	2801	21	138	17285	18516	487	4412	15792	16958	265	2320	19671	20995	542	1942	23888	25471	223	1974	20493	21953	398	2662	27829	29734	204	2222	18066	19305	404	2875	30227	32381	86	504
2685	2916	48	442	3490	3777	82	546	3422	3735	37	407	4926	5370	64	754	2332	2528	41	349	2256	2448	19	233	2313	2534	15	175	2598	2832	31	153	3693	4023	100	833	3733	4058	72	660	4244	4628	54	546	5281	5746	54	209	2038	2223	40	171	2254	2445	27	152	2452	2650	18	226	2480	2721	17	99	16348	17830	526	4097	14918	16155	260	2063	18653	20235	494	1614	22364	24265	225	1705	18832	20504	359	2366	26241	28537	184	2031	16958	18432	327	2501	28550	31099	94	476
3677	3759	3534	3604	4114	4214	5750	5868	4290	4389	5720	5841	4939	5086	5092	5180	2060	2096	1813	1856	1779	1828	1754	1783	2524	2558	2589	2661	2388	2453	2876	2947	3770	3857	4767	4877	5413	5526	4746	4833	6185	6306	5201	5302	4954	5068	5193	5304	2168	2209	2564	2618	2536	2590	1916	1957	2726	2778	2675	2741	1742	1785	3151	3205	44075	45218	28191	28847	27945	28629	47328	48618	37061	37903	41081	42128	42160	43242	61321	62969	41942	43009	39057	40034	41917	42983	44690	45828	40600	41632	40521	41553	39615	40623	28100	28755
3780	3864	3669	3757	4244	4339	5852	5983	4390	4489	5775	5934	5067	5200	5163	5289	2087	2139	1854	1899	1833	1875	1768	1812	2552	2616	2655	2708	2460	2509	2936	3014	3895	3962	4855	4979	5524	5661	4812	4936	6343	6474	5301	5420	5094	5209	5300	5422	2214	2258	2616	2679	2581	2648	1957	1998	2790	2851	2746	2807	1783	1830	3228	3304	45202	46380	28968	29669	28780	29515	49014	50218	38045	38897	42539	43532	43463	44529	63708	65362	43648	44695	40264	41236	43135	44234	46305	47415	41875	42916	41744	42806	40736	41875	29341	30014
3790	3869	3683	3756	4250	4345	5856	5987	4392	4491	5811	5937	5076	5209	5169	5292	2095	2140	1864	1904	1836	1877	1774	1813	2552	2618	2654	2713	2470	2516	2944	3015	3880	3969	4890	4985	5514	5661	4810	4936	6311	6479	5286	5421	5077	5211	5284	5427	2212	2259	2622	2681	2585	2651	1966	2001	2796	2853	2748	2808	1794	1831	3223	3308	45127	46432	28872	29681	28707	29552	48928	50263	37993	38941	42511	43621	43428	44584	63639	65439	43429	44710	40200	41306	43099	44289	46205	47471	41785	42960	41736	42860	40756	41929	29320	30052
3790	3869	3668	3759	4271	4347	5870	5990	4396	4492	5826	5940	5092	5212	5160	5295	2094	2140	1873	1905	1846	1877	1774	1813	2557	2618	2658	2715	2462	2516	2953	3016	3887	3970	4880	4987	5561	5663	4838	4939	6328	6479	5326	5424	5091	5211	5341	5426	2209	2260	2628	2681	2598	2651	1959	2001	2780	2854	2744	2810	1787	1831	3251	3308	45431	46458	29115	29698	28890	29567	49172	50286	38165	38955	42715	43641	43652	44606	63983	65460	43742	44732	40444	41333	43276	44314	46388	47490	42045	42984	41973	42876	40967	41946	29495	30086
3786	3871	3660	3762	4251	4350	5840	5991	4361	4493	5808	5941	5079	5212	5163	5299	2094	2140	1864	1905	1839	1878	1774	1812	2541	2619	2633	2715	2457	2516	2948	3015	3890	3970	4882	4989	5533	5665	4826	4941	6337	6482	5299	5425	5079	5214	5288	5426	2216	2260	2632	2682	2599	2652	1956	2000	2796	2854	2740	2810	1789	1831	3231	3309	45144	46469	28841	29696	28767	29569	48814	50289	37837	38951	42410	43641	43343	44613	63612	65475	43279	44724	40173	41342	43053	44320	46071	47492	41729	42993	41641	42873	40660	41950	29276	30103
3771	3872	3703	3765	4257	4350	5871	5993	4373	4492	5816	5942	5097	5212	5154	5298	2091	2141	1858	1905	1828	1877	1770	1813	2548	2619	2668	2715	2467	2517	2943	3015	3892	3970	4884	4987	5540	5665	4799	4941	6334	6481	5303	5426	5092	5215	5290	5426	2210	2261	2636	2683	2602	2653	1963	2000	2811	2855	2739	2810	1790	1832	3236	3309	45247	46474	29038	29713	28858	29585	49052	50306	38071	38966	42671	43660	43540	44631	63913	65498	43605	44747	40399	41364	43141	44339	46348	47508	42009	43007	41878	42904	40908	41966	29483	30116
3779	3874	3688	3767	4236	4349	5853	5996	4380	4494	5790	5946	5067	5218	5148	5300	2078	2141	1852	1906	1839	1878	1769	1813	2550	2621	2644	2715	2443	2518	2939	3015	3854	3971	4859	4991	5511	5667	4794	4944	6305	6483	5286	5429	5066	5218	5292	5432	2209	2262	2601	2683	2580	2654	1947	2001	2779	2856	2730	2811	1772	1833	3222	3311	45068	46491	28905	29721	28756	29596	48808	50316	37863	38980	42473	43670	43350	44645	63644	65517	43519	44757	40242	41378	42986	44354	46081	47525	41696	43014	41713	42914	40756	41993	29370	30127
3803	3874	3677	3767	4239	4350	5854	5996	4347	4494	5819	5948	5075	5219	5184	5302	2103	2141	1863	1907	1830	1878	1773	1813	2554	2621	2653	2716	2462	2518	2949	3015	3861	3971	4853	4992	5528	5666	4817	4945	6325	6484	5307	5429	5084	5219	5316	5434	2200	2263	2627	2682	2590	2654	1961	2001	2791	2858	2750	2811	1783	1834	3235	3313	45147	46494	28896	29722	28760	29594	48925	50313	37837	38978	42497	43672	43403	44650	63647	65517	43439	44760	40191	41382	43010	44358	46142	47528	41817	43024	41675	42920	40671	42003	29356	30140
3772	3873	3679	3767	4248	4349	5837	5996	4357	4495	5808	5950	5069	5217	5164	5303	2081	2141	1849	1906	1825	1878	1771	1814	2561	2621	2641	2715	2451	2518	2934	3016	3874	3973	4862	4990	5498	5667	4798	4945	6294	6484	5262	5426	5078	5219	5290	5434	2200	2261	2613	2683	2585	2654	1963	2001	2786	2860	2747	2810	1787	1834	3224	3313	45067	46499	28898	29723	28690	29596	48875	50317	37848	38979	42441	43676	43342	44655	63604	65527	43514	44764	40183	41385	43001	44356	46120	47532	41700	43031	41641	42910	40647	42002	29287	30155
3782	3873	3678	3766	4250	4347	5867	5997	4364	4495	5798	5950	5086	5218	5181	5306	2091	2139	1861	1907	1835	1878	1776	1814	2562	2620	2655	2716	2460	2517	2952	3015	3878	3972	4860	4992	5530	5668	4825	4946	6324	6484	5314	5426	5088	5218	5298	5435	2208	2263	2626	2684	2583	2654	1961	2000	2793	2860	2722	2810	1787	1834	3227	3312	45217	46502	28958	29723	28770	29604	48983	50320	37937	38987	42535	43677	43469	44654	63853	65538	43526	44754	40301	41392	43032	44358	46244	47540	41846	43026	41760	42915	40796	42010	29341	30152
3773	3874	3686	3766	4235	4348	5846	5997	4382	4495	5814	5950	5078	5221	5150	5305	2086	2141	1861	1907	1830	1878	1774	1814	2567	2621	2646	2716	2458	2518	2942	3014	3865	3973	4885	4992	5545	5670	4825	4947	6320	6485	5296	5427	5078	5220	5299	5434	2211	2263	2627	2685	2588	2653	1944	1999	2794	2860	2742	2811	1800	1835	3233	3313	45104	46505	28937	29735	28747	29607	48939	50333	37867	38996	42437	43687	43400	44663	63634	65561	43486	44772	40241	41402	43019	44361	46121	47545	41777	43043	41667	42930	40773	42021	29283	30164
3775	3874	3659	3767	4237	4348	5852	5995	4374	4493	5790	5951	5084	5220	5156	5307	2074	2141	1857	1907	1834	1879	1765	1814	2546	2620	2643	2716	2470	2519	2935	3016	3872	3971	4853	4993	5540	5672	4813	4945	6301	6484	5293	5425	5099	5218	5280	5434	2197	2263	2617	2685	2596	2654	1957	2002	2784	2860	2738	2811	1792	1835	3233	3313	45011	46502	28856	29733	28688	29605	48743	50319	37829	38987	42449	43676	43346	44659	63539	65549	43332	44766	40167	41396	43020	44366	46135	47540	41720	43046	41591	42915	40664	42011	29303	30157
3781	3873	3680	3768	4254	4350	5848	5997	4358	4495	5793	5950	5088	5222	5153	5306	2089	2141	1854	1907	1834	1879	1758	1815	2541	2621	2644	2716	2448	2520	2948	3016	3867	3972	4875	4995	5538	5670	4824	4951	6327	6484	5279	5429	5079	5218	5295	5439	2203	2262	2611	2683	2595	2654	1951	2002	2775	2860	2734	2812	1787	1835	3233	3313	45117	46522	28923	29738	28753	29618	48948	50346	37916	39008	42477	43690	43404	44672	63705	65589	43356	44791	40233	41416	42994	44366	46105	47559	41798	43057	41734	42944	40721	42026	29261	30174
3810	3877	3702	3771	4266	4349	5880	5995	4389	4496	5839	5951	5121	5223	5197	5308	2099	2139	1883	1907	1853	1880	1780	1815	2577	2621	2660	2716	2481	2522	2954	3016	3901	3972	4896	4996	5560	5671	4857	4954	6363	6488	5329	5429	5107	5224	5337	5442	2221	2263	2614	2682	2585	2651	1965	2003	2808	2860	2763	2812	1808	1836	3265	3314	45190	46521	28923	29742	28722	29617	48981	50348	37920	39005	42494	43704	43481	44669	63821	65604	43489	44798	40296	41423	43132	44376	46301	47566	41870	43056	41744	42947	40857	42030	29392	30180
3776	3877	3665	3769	4255	4349	5830	5994	4374	4494	5810	5950	5080	5221	5170	5309	2089	2140	1854	1908	1835	1880	1778	1816	2566	2621	2668	2716	2455	2522	2948	3017	3872	3972	4880	4997	5544	5671	4839	4956	6343	6491	5310	5431	5072	5224	5302	5443	2195	2263	2620	2684	2599	2653	1972	2003	2786	2858	2748	2812	1788	1837	3227	3312	45104	46518	28914	29739	28729	29621	48915	50344	37933	39008	42517	43705	43452	44685	63680	65603	43468	44804	40213	41422	43075	44377	46224	47567	41747	43062	41689	42951	40777	42036	29337	30184
3780	3876	3655	3770	4246	4348	5837	5993	4350	4495	5797	5948	5080	5222	5134	5307	2066	2140	1864	1907	1822	1880	1770	1816	2553	2621	2642	2716	2441	2521	2952	3017	3867	3970	4849	4997	5518	5669	4817	4954	6308	6491	5284	5430	5082	5224	5296	5443	2204	2264	2629	2684	2593	2654	1962	2003	2795	2859	2745	2811	1792	1837	3243	3314	44916	46513	28774	29746	28606	29621	48623	50345	37686	39005	42269	43698	43228	44672	63398	65608	43288	44798	40012	41419	42865	44380	46008	47567	41569	43067	41579	42951	40526	42026	29164	30180
3796	3875	3702	3770	4253	4346	5891	5995	4414	4493	5825	5953	5120	5218	5209	5303	2092	2138	1878	1907	1841	1880	1779	1816	2561	2619	2663	2714	2466	2521	2958	3016	3879	3968	4903	4996	5541	5669	4847	4951	6367	6492	5316	5428	5108	5225	5324	5442	2223	2262	2626	2684	2595	2654	1962	2002	2807	2858	2764	2811	1810	1837	3248	3315	45346	46512	28984	29735	28847	29621	49058	50344	38036	38999	42593	43697	43513	44665	63940	65585	43495	44775	40311	41415	43157	44372	46323	47559	41891	43057	41835	42944	40925	42021	29412	30166
3814	3875	3698	3769	4266	4346	5894	5997	4397	4493	5840	5951	5124	5221	5194	5306	2095	2140	1880	1907	1848	1880	1779	1816	2581	2620	2661	2716	2463	2521	2969	3016	3882	3971	4904	4995	5542	5666	4868	4956	6355	6491	5322	5431	5114	5225	5328	5442	2221	2264	2634	2684	2592	2653	1962	2003	2808	2858	2765	2812	1803	1837	3250	3314	45353	46527	29019	29746	28892	29624	49141	50365	38055	39013	42649	43699	43574	44686	63981	65613	43765	44796	40423	41429	43290	44388	46456	47578	41927	43067	41876	42957	40988	42032	29488	30191
3797	3875	3674	3766	4254	4347	5859	5995	4389	4493	5809	5950	5104	5219	5197	5304	2093	2139	1859	1906	1845	1880	1775	1816	2556	2619	2650	2715	2470	2523	2955	3016	3868	3968	4879	4994	5538	5665	4851	4956	6322	6489	5303	5430	5100	5224	5301	5443	2227	2263	2640	2686	2598	2652	1963	2002	2797	2859	2734	2812	1791	1835	3257	3314	45283	46524	28998	29739	28776	29616	49058	50341	38043	39000	42641	43686	43580	44665	64026	65596	43692	44787	40429	41424	43257	44372	46392	47561	41942	43055	41903	42942	40903	42017	29469	30175
3779	3874	3686	3768	4232	4348	5839	5997	4406	4494	5801	5949	5069	5217	5181	5303	2103	2140	1864	1906	1835	1880	1767	1816	2556	2619	2655	2715	2462	2522	2947	3016	3873	3968	4878	4994	5519	5665	4831	4955	6327	6489	5284	5431	5090	5223	5321	5445	2214	2263	2626	2686	2592	2653	1948	2003	2780	2859	2738	2812	1799	1835	3243	3315	44622	46499	28621	29731	28428	29610	48430	50337	37505	38986	42024	43690	42911	44664	62907	65578	42987	44773	39769	41410	42605	44362	45699	47556	41360	43046	41294	42925	40308	42015	29031	30173
3773	3875	3672	3767	4256	4347	5859	5995	4372	4493	5785	5947	5054	5218	5168	5304	2095	2140	1865	1906	1833	1880	1766	1816	2551	2618	2663	2715	2446	2521	2939	3015	3878	3968	4884	4995	5507	5664	4829	4954	6305	6488	5284	5431	5054	5222	5295	5443	2208	2262	2606	2686	2592	2653	1950	2003	2778	2858	2752	2811	1797	1835	3244	3314	45009	46513	28820	29738	28660	29615	48730	50352	37774	39011	42333	43693	43264	44678	63528	65589	43266	44790	40066	41422	42859	44367	46025	47565	41648	43060	41596	42940	40672	42022	29234	30181
3789	3874	3683	3765	4254	4347	5868	5996	4369	4494	5800	5947	5085	5218	5184	5306	2097	2139	1877	1906	1830	1880	1768	1816	2539	2618	2655	2714	2455	2522	2951	3013	3887	3967	4882	4995	5548	5664	4825	4953	6328	6487	5302	5431	5088	5222	5320	5444	2222	2263	2623	2686	2588	2652	1971	2003	2783	2859	2749	2811	1788	1834	3243	3313	44998	46510	28880	29736	28693	29603	48779	50331	37863	39000	42406	43685	43312	44662	63573	65584	43328	44784	40108	41411	42995	44372	46127	47554	41718	43047	41600	42924	40724	42018	29343	30180
3777	3875	3690	3767	4228	4347	5866	5995	4386	4493	5821	5946	5081	5217	5160	5306	2097	2140	1869	1906	1839	1879	1781	1816	2550	2618	2662	2715	2455	2520	2942	3015	3874	3967	4869	4994	5539	5660	4832	4953	6335	6483	5309	5429	5090	5222	5297	5443	2217	2263	2627	2685	2596	2652	1962	2003	2787	2858	2759	2811	1784	1835	3232	3313	45078	46504	28918	29735	28756	29601	48866	50318	37893	38992	42434	43684	43334	44655	63649	65568	43390	44773	40190	41410	43032	44353	46216	47556	41769	43048	41622	42917	40729	42005	29299	30161
3780	3874	3661	3760	4243	4343	5816	5990	4366	4491	5787	5943	5063	5216	5168	5306	2076	2140	1862	1904	1819	1878	1762	1816	2551	2616	2645	2714	2457	2521	2926	3013	3876	3965	4884	4993	5497	5658	4819	4954	6295	6484	5269	5425	5058	5219	5286	5442	2209	2262	2617	2685	2568	2652	1942	1999	2774	2859	2742	2811	1783	1834	3238	3311	44733	46503	28651	29722	28501	29600	48616	50306	37606	38997	42117	43675	43000	44651	63265	65563	43081	44756	39850	41405	42646	44346	45757	47544	41432	43028	41308	42901	40380	41992	29093	30152
3784	3875	3690	3763	4251	4344	5852	5992	4384	4489	5793	5945	5086	5216	5170	5305	2094	2139	1853	1904	1833	1877	1778	1816	2563	2617	2644	2714	2449	2521	2937	3015	3871	3966	4882	4994	5520	5654	4825	4952	6316	6483	5303	5426	5085	5220	5325	5441	2215	2263	2616	2685	2575	2650	1946	2003	2784	2859	2766	2811	1783	1832	3228	3312	44941	46481	28780	29726	28564	29575	48617	50299	37743	38976	42320	43665	43188	44637	63522	65536	43338	44745	39984	41386	42903	44340	45983	47526	41585	43032	41498	42890	40574	41986	29172	30153
3795	3875	3688	3761	4247	4344	5865	5990	4365	4489	5826	5943	5081	5214	5188	5303	2079	2139	1856	1904	1838	1879	1768	1812	2557	2616	2645	2715	2452	2519	2952	3015	3879	3965	4896	4993	5552	5657	4826	4955	6343	6483	5319	5427	5113	5219	5323	5441	2221	2263	2621	2686	2588	2649	1962	2003	2792	2856	2748	2807	1798	1834	3259	3309	45351	46503	29069	29730	28823	29590	49176	50305	38112	38984	42704	43661	43535	44637	64019	65549	43697	44760	40437	41392	43210	44336	46427	47535	41938	43024	41843	42901	40956	41995	29442	30153
3784	3875	3677	3760	4237	4342	5836	5987	4364	4488	5791	5942	5083	5212	5165	5302	2080	2139	1862	1904	1820	1879	1769	1813	2549	2615	2638	2715	2443	2518	2945	3014	3869	3963	4885	4991	5524	5654	4824	4952	6314	6481	5256	5427	5063	5213	5322	5438	2211	2262	2610	2683	2581	2648	1966	2002	2791	2857	2727	2807	1788	1832	3224	3305	45124	46498	28931	29728	28770	29582	48895	50311	37954	38983	42528	43659	43439	44642	63700	65544	43514	44759	40293	41391	43071	44340	46286	47541	41844	43030	41735	42900	40785	41987	29372	30150
3779	3872	3664	3756	4226	4340	5849	5985	4369	4486	5778	5940	5050	5208	5160	5301	2077	2134	1853	1895	1828	1873	1761	1811	2527	2612	2646	2711	2446	2513	2931	3009	3859	3961	4850	4991	5523	5649	4810	4947	6316	6478	5279	5421	5068	5211	5287	5434	2202	2258	2607	2678	2581	2639	1950	1997	2783	2849	2731	2804	1788	1829	3219	3303	45170	46481	28927	29710	28742	29570	48871	50303	37915	38969	42501	43638	43376	44622	63756	65521	43565	44738	40289	41378	43047	44318	46201	47525	41836	43013	41783	42885	40748	41966	29357	30132
3764	3868	3676	3754	4241	4339	5865	5984	4381	4482	5800	5936	5090	5204	5175	5295	2093	2129	1841	1891	1807	1866	1763	1800	2535	2595	2645	2700	2439	2500	2921	3000	3880	3957	4876	4989	5531	5652	4822	4949	6303	6475	5276	5411	5082	5202	5296	5431	2205	2251	2610	2672	2565	2640	1938	1986	2774	2843	2732	2795	1783	1826	3187	3288	45363	46459	28996	29695	28857	29557	49010	50280	38047	38952	42675	43619	43502	44598	63989	65495	43640	44724	40397	41366	43161	44293	46358	47504	41903	42993	41891	42872	40839	41946	29443	30111
3776	3864	3662	3754	4217	4332	5819	5978	4365	4478	5763	5924	5054	5200	5140	5276	2087	2137	1850	1901	1833	1878	1768	1811	2542	2609	2639	2710	2465	2515	2934	3007	3858	3952	4853	4985	5496	5645	4837	4948	6273	6461	5268	5417	5052	5203	5271	5426	2195	2259	2616	2676	2580	2647	1928	1995	2786	2852	2731	2802	1778	1830	3217	3299	45049	46447	28939	29687	28686	29552	48892	50247	37940	38934	42422	43602	43365	44567	63706	65463	43515	44718	40268	41342	43046	44278	46182	47484	41701	42977	41777	42859	40751	41925	29243	30099
3744	3861	3663	3756	4223	4338	5807	5982	4343	4481	5753	5928	5016	5195	5146	5294	2050	2126	1851	1893	1819	1867	1743	1797	2526	2597	2620	2698	2432	2498	2918	2997	3852	3953	4849	4989	5481	5649	4800	4948	6265	6466	5246	5415	5045	5204	5279	5432	2177	2248	2584	2671	2563	2630	1942	1985	2768	2834	2708	2789	1761	1816	3174	3288	44949	46374	28757	29635	28638	29526	48724	50224	37739	38880	42297	43565	43178	44539	63435	65416	43343	44686	40075	41283	42869	44227	45982	47441	41583	42932	41541	42809	40515	41883	29167	30032
3755	3851	3667	3754	4228	4327	5809	5975	4336	4467	5784	5922	5029	5186	5153	5287	2071	2125	1830	1877	1812	1851	1757	1796	2517	2583	2599	2674	2444	2495	2918	2969	3841	3945	4870	4982	5514	5638	4823	4940	6293	6459	5281	5411	5055	5193	5269	5424	2182	2238	2585	2653	2571	2624	1943	1987	2760	2826	2715	2786	1751	1812	3147	3239	45048	46283	28753	29534	28722	29468	48850	50145	37842	38761	42373	43472	43358	44447	63644	65301	43589	44634	40154	41169	43041	44116	46156	47359	41680	42845	41636	42716	40741	41815	29120	29913
3770	3850	3682	3751	4213	4327	5817	5970	4354	4466	5789	5923	5055	5185	5154	5285	2076	2128	1841	1887	1823	1866	1762	1808	2533	2599	2624	2689	2426	2498	2915	2988	3861	3946	4858	4983	5476	5635	4810	4941	6277	6459	5259	5409	5049	5188	5288	5425	2205	2254	2591	2664	2569	2637	1949	1992	2773	2838	2719	2792	1756	1819	3180	3271	44976	46264	28872	29508	28669	29463	48776	50117	37766	38724	42357	43443	43239	44421	63420	65294	43418	44607	40100	41145	42849	44092	46127	47338	41611	42797	41592	42677	40673	41793	29185	29885
3728	3839	3643	3741	4202	4312	5813	5959	4304	4440	5771	5915	4987	5157	5136	5275	2057	2122	1833	1885	1810	1855	1743	1798	2511	2581	2614	2695	2439	2495	2896	2980	3825	3930	4862	4969	5459	5602	4777	4927	6220	6428	5241	5398	5040	5173	5252	5411	2202	2248	2599	2659	2568	2630	1923	1984	2762	2831	2724	2785	1766	1818	3181	3275	44744	46082	28510	29310	28492	29383	48551	49944	37523	38571	42051	43261	42952	44247	63159	65064	43266	44458	39721	40863	42685	43887	45798	47159	41382	42613	41365	42456	40447	41657	28918	29649
3732	3830	3610	3714	4183	4304	5777	5949	4319	4429	5728	5890	5006	5148	5100	5258	2065	2118	1844	1888	1809	1860	1752	1801	2511	2583	2616	2698	2420	2494	2892	2981	3800	3921	4835	4959	5405	5566	4771	4912	6214	6401	5218	5394	5003	5162	5250	5399	2176	2249	2594	2659	2566	2628	1929	1988	2745	2832	2724	2788	1763	1816	3195	3278	44558	45868	28309	29054	28406	29273	48193	49591	37314	38335	41847	43031	42681	44026	62713	64664	42941	44114	39374	40505	42318	43610	45503	46847	40988	42373	40999	42150	40221	41467	28559	29358
